1.150500000000000134e-01
6.500999999999998447e-02
5.147999999999999104e-02
4.460000000000000769e-02
4.027000000000000718e-02
3.831000000000002459e-02
3.577000000000000318e-02
3.434000000000001634e-02
3.302999999999998992e-02
3.188999999999998780e-02
3.132999999999998980e-02
3.005000000000001073e-02
3.007999999999998522e-02
2.950000000000001579e-02
2.876999999999998309e-02
2.867999999999999369e-02
2.841999999999999041e-02
2.806999999999999426e-02
2.798999999999999405e-02
2.752999999999997810e-02
2.741999999999997911e-02
2.710000000000000256e-02
2.702999999999998806e-02
2.648999999999999272e-02
2.655000000000001803e-02
2.638999999999998985e-02
2.640999999999998904e-02
2.605999999999999289e-02
2.575000000000001593e-02
2.586000000000000451e-02
2.591999999999998819e-02
2.583999999999999492e-02
2.581999999999998879e-02
2.580000000000000002e-02
2.531999999999998835e-02
2.545999999999998264e-02
2.523999999999998467e-02
2.494000000000000730e-02
2.509000000000000119e-02
2.489000000000000240e-02
2.477000000000000382e-02
2.464000000000000565e-02
2.460000000000000034e-02
2.477999999999998954e-02
2.499999999999998751e-02
2.464000000000000565e-02
2.434000000000000746e-02
2.451000000000001094e-02
2.449000000000000135e-02
2.438000000000000236e-02
2.449000000000001176e-02
2.428000000000000297e-02
2.436000000000001359e-02
2.387000000000000233e-02
2.420000000000002011e-02
2.405000000000000540e-02
2.396000000000000213e-02
2.390999999999999723e-02
2.411000000000000990e-02
2.408999999999998989e-02
2.359999999999999945e-02
2.380999999999998742e-02
2.371999999999999803e-02
2.388000000000000192e-02
2.429999999999998828e-02
2.366000000000001435e-02
2.398000000000000131e-02
2.381999999999999743e-02
2.365000000000000435e-02
2.356000000000001496e-02
2.353999999999999496e-02
2.347000000000002556e-02
2.329999999999998739e-02
2.334000000000001698e-02
2.341999999999999638e-02
2.358999999999999986e-02
2.331000000000001821e-02
2.311000000000000901e-02
2.315999999999999309e-02
2.344000000000000597e-02
2.338000000000002229e-02
2.337000000000001229e-02
2.336000000000000229e-02
2.370000000000000925e-02
2.366000000000000394e-02
2.330000000000000820e-02
2.359999999999999945e-02
2.349000000000000046e-02
2.331999999999999698e-02
2.320999999999999799e-02
2.341000000000000719e-02
2.322000000000000799e-02
2.320999999999999799e-02
2.317000000000001350e-02
2.320999999999998759e-02
2.338000000000000148e-02
2.303000000000000533e-02
2.317000000000001350e-02
2.309999999999999901e-02
2.309000000000000982e-02
2.299000000000001043e-02
2.298000000000001083e-02
2.288999999999998675e-02
2.299000000000001043e-02
2.266000000000001346e-02
2.302000000000000574e-02
2.284000000000001654e-02
2.280000000000000776e-02
2.314000000000001472e-02
2.310999999999998472e-02
2.288000000000001144e-02
2.302000000000001961e-02
2.295000000000000512e-02
2.287000000000001185e-02
2.272000000000000755e-02
2.301000000000000961e-02
2.258999999999999897e-02
2.275000000000000286e-02
2.288000000000000103e-02
2.274999999999999245e-02
