4.305500000000000438e-01
1.310199999999999976e-01
8.582000000000002127e-02
6.982000000000000706e-02
5.986000000000000348e-02
5.326000000000000872e-02
4.876000000000001167e-02
4.578000000000000819e-02
4.314999999999998698e-02
4.109999999999999071e-02
3.900999999999997525e-02
3.738999999999999962e-02
3.593000000000000360e-02
3.490999999999998271e-02
3.431999999999999634e-02
3.332000000000000239e-02
3.296999999999999931e-02
3.242000000000000437e-02
3.167999999999999983e-02
3.116000000000000020e-02
3.068999999999999506e-02
3.043000000000000219e-02
2.997999999999998583e-02
2.982000000000000275e-02
2.986999999999999725e-02
2.937000000000000721e-02
2.876999999999999696e-02
2.869000000000001410e-02
2.828999999999999224e-02
2.822999999999998774e-02
2.830000000000000224e-02
2.822000000000000203e-02
2.788000000000000547e-02
2.765999999999999709e-02
2.755999999999999422e-02
2.742000000000001034e-02
2.708999999999998215e-02
2.716000000000000705e-02
2.687999999999999418e-02
2.690000000000000030e-02
2.643999999999998435e-02
2.667999999999998151e-02
2.629000000000000087e-02
2.621999999999998637e-02
2.628000000000000475e-02
2.619000000000001188e-02
2.606000000000000677e-02
2.598999999999999228e-02
2.584999999999999451e-02
2.600999999999998799e-02
2.594999999999998350e-02
2.605999999999999289e-02
2.562999999999999653e-02
2.578999999999999002e-02
2.540999999999999856e-02
2.564999999999997143e-02
2.544000000000000775e-02
2.529000000000001386e-02
2.521999999999999936e-02
2.545000000000000734e-02
2.532000000000000917e-02
2.536999999999999325e-02
2.483999999999998362e-02
2.519000000000001099e-02
2.504999999999999588e-02
2.513999999999999568e-02
2.510999999999998650e-02
2.487000000000000322e-02
2.490000000000001240e-02
2.491999999999998730e-02
2.478000000000000341e-02
2.448000000000000176e-02
2.466000000000000483e-02
2.491999999999999771e-02
2.464000000000001606e-02
2.495000000000001730e-02
2.464000000000000565e-02
2.455000000000001625e-02
2.458000000000000115e-02
2.449000000000001176e-02
2.434000000000001787e-02
2.447000000000001257e-02
2.440000000000001196e-02
2.437000000000001318e-02
2.415999999999999398e-02
2.412000000000000949e-02
2.462999999999999565e-02
2.442000000000000767e-02
2.435999999999999277e-02
2.414999999999999439e-02
2.456000000000000544e-02
2.398000000000000131e-02
2.412999999999998479e-02
2.404000000000000581e-02
2.405999999999999112e-02
2.425000000000000419e-02
2.405000000000000540e-02
2.421000000000000929e-02
2.413000000000000561e-02
2.379999999999999824e-02
2.388000000000000192e-02
2.381000000000000824e-02
2.379000000000001253e-02
2.393000000000000682e-02
2.391999999999999682e-02
2.388000000000000192e-02
2.407000000000001499e-02
2.420999999999999888e-02
2.411999999999997479e-02
2.393000000000000682e-02
2.400999999999999662e-02
2.376999999999999252e-02
2.386000000000001314e-02
2.374999999999998293e-02
2.391000000000000764e-02
2.381999999999999743e-02
2.405000000000000540e-02
2.393999999999999601e-02
2.394999999999998172e-02
2.379000000000001253e-02
