2.571478174124748346e-03
7.854298186343696342e-04
1.135605565326253726e-03
9.654014708917616275e-04
1.036387958247291571e-03
1.196202324023822039e-03
9.788258272031983079e-04
8.039900496896741199e-04
5.177837386399746639e-04
7.408778576796464085e-04
1.037352399139264240e-03
5.445181356024896523e-04
8.400000000000058895e-04
8.555699854482902780e-04
9.602603813549770006e-04
8.109253973085406601e-04
6.289674077406424892e-04
8.414867794564718194e-04
7.634788798650554318e-04
5.254521862168014560e-04
5.861740355901136085e-04
4.195235392680647071e-04
4.450842616853509020e-04
6.300000000000067482e-04
7.419568720619876137e-04
3.562302626111266612e-04
5.838664230797888099e-04
7.002856560004648134e-04
4.544227107000852156e-04
4.903060268852617353e-04
4.142463035441616530e-04
5.332916650389236436e-04
3.155946767611974711e-04
6.480740698407814896e-04
4.166533331199871715e-04
3.826225293941620223e-04
4.004996878899893436e-04
7.031358332498773228e-04
4.526588119102548362e-04
6.594694837518928028e-04
7.655716818169292425e-04
7.670723564306153189e-04
5.744562646538053713e-04
5.249761899362583679e-04
9.273618495495639710e-04
6.711184694225078712e-04
8.077128202523351647e-04
7.515982969645429316e-04
8.129575634680962946e-04
8.411896337925357054e-04
8.642337646725003998e-04
5.249761899362586932e-04
6.945502141674349218e-04
6.679071791798714885e-04
6.663332499582955626e-04
7.130918594402937873e-04
7.227724399836852253e-04
4.482186966202929279e-04
5.300000000000044259e-04
5.664803615307378122e-04
7.563068160475501641e-04
8.768694315575307693e-04
4.935585071701177043e-04
5.741080037763136119e-04
7.042726744663631126e-04
5.748043145280190211e-04
6.720119046564623994e-04
8.121576201698868904e-04
5.783597496368373834e-04
5.370288632839112031e-04
3.527038417709725342e-04
4.980963762164860881e-04
6.782329983125323257e-04
6.019966777316758345e-04
8.634813257969143306e-04
5.769748694700669710e-04
7.529276193632404059e-04
6.139218191268450402e-04
7.670723564306205231e-04
5.953150426455047642e-04
6.749814812274607199e-04
5.916924876994959131e-04
4.029888335922189179e-04
3.949683531626315075e-04
3.878143885933093833e-04
7.155417527999314263e-04
5.196152422706722378e-04
6.007495318350410986e-04
5.173006862550944690e-04
4.887739763940048910e-04
3.699999999999973926e-04
6.446704584514334653e-04
4.276680956068562795e-04
6.181423784210244611e-04
6.155485358605020715e-04
4.093897898091629697e-04
3.796050579220548835e-04
4.026164427839512778e-04
6.449806198638836051e-04
5.717516943569309019e-04
2.624880949681213235e-04
6.321392251711681559e-04
7.340980860893214126e-04
8.336066218546810038e-04
6.311893535223780287e-04
5.775811631277366588e-04
6.740919818541082518e-04
5.440588203494027076e-04
5.161395160225729648e-04
4.988987873306624781e-04
5.287721626560911228e-04
6.305553108173735577e-04
5.536244214266695593e-04
6.034069936618149553e-04
5.192301994298997598e-04
5.787054518492016058e-04
6.057227088362940760e-04
3.556683848755792798e-04
6.241794613731049650e-04
6.637017402418027984e-04
