2.490100000000000091e-01
7.216000000000000192e-02
5.374000000000000998e-02
4.658999999999999947e-02
4.320999999999999147e-02
4.092999999999996641e-02
3.923999999999998323e-02
3.759999999999998760e-02
3.628000000000001363e-02
3.530999999999999417e-02
3.446000000000000452e-02
3.349999999999998812e-02
3.307999999999999829e-02
3.300000000000001543e-02
3.154000000000002635e-02
3.146000000000000185e-02
3.112000000000000183e-02
3.021999999999998993e-02
3.024999999999997830e-02
3.022999999999999993e-02
3.014999999999999972e-02
2.935999999999999721e-02
2.908000000000000515e-02
2.899999999999999106e-02
2.844999999999999613e-02
2.860000000000000389e-02
2.788999999999999119e-02
2.833000000000000101e-02
2.722000000000000114e-02
2.720999999999999114e-02
2.743999999999999911e-02
2.732999999999998625e-02
2.741000000000000034e-02
2.707999999999999297e-02
2.717000000000000665e-02
2.705999999999999378e-02
2.701999999999999888e-02
2.605000000000000718e-02
2.635000000000000536e-02
2.625000000000000597e-02
2.601999999999998758e-02
2.598000000000000309e-02
2.579999999999998961e-02
2.580000000000000002e-02
2.549999999999998795e-02
2.563999999999998572e-02
2.495000000000000689e-02
2.536000000000000407e-02
2.501000000000001139e-02
2.509999999999999037e-02
2.555000000000001714e-02
2.517000000000000487e-02
2.503000000000000710e-02
2.496000000000000302e-02
2.474999999999998382e-02
2.460000000000001075e-02
2.492999999999999730e-02
2.514000000000000609e-02
2.486000000000001403e-02
2.443000000000002808e-02
2.447000000000000217e-02
2.432000000000000828e-02
2.472000000000000933e-02
2.403000000000001662e-02
2.468000000000000055e-02
2.386000000000001314e-02
2.388000000000000192e-02
2.349000000000000046e-02
2.410999999999999949e-02
2.396000000000000213e-02
2.382999999999999702e-02
2.381000000000000824e-02
2.412000000000001990e-02
2.417000000000000398e-02
2.354000000000000536e-02
2.380999999999999783e-02
2.365000000000000435e-02
2.348000000000002169e-02
2.350000000000001046e-02
2.331000000000000780e-02
2.342999999999999597e-02
2.347000000000001169e-02
2.359999999999998904e-02
2.330999999999999739e-02
2.313000000000000472e-02
2.317999999999999922e-02
2.361000000000000945e-02
2.355000000000001537e-02
2.312999999999999431e-02
2.335000000000000270e-02
2.339000000000001148e-02
2.325999999999999249e-02
2.316000000000000350e-02
2.279000000000002205e-02
2.274999999999999245e-02
2.302000000000000574e-02
2.257000000000001366e-02
2.266000000000000306e-02
2.280999999999999694e-02
2.276000000000000245e-02
2.279000000000003245e-02
2.314000000000000432e-02
2.282999999999999613e-02
2.239999999999999630e-02
2.285999999999999144e-02
2.267999999999998836e-02
2.282000000000000695e-02
2.235000000000001569e-02
2.242000000000000590e-02
2.290000000000001062e-02
2.266000000000000306e-02
2.302000000000001961e-02
2.272999999999999327e-02
2.271000000000001837e-02
2.263000000000000428e-02
2.295000000000001553e-02
2.263999999999998305e-02
2.292000000000001675e-02
2.260000000000001938e-02
2.277999999999998776e-02
