4.721574419618947138e-02
1.048854613375941984e-02
2.617174048472903098e-03
1.743444865775811746e-03
1.036532681587990857e-03
1.500133327407941102e-03
6.529931086925933785e-04
1.507182802449667835e-03
1.290929897399557347e-03
5.059644256269529763e-04
7.555792479945493047e-04
8.490583018850911181e-04
7.128113354878734195e-04
7.712976079309615375e-04
6.968500556073783459e-04
1.049571341072149267e-03
9.252567211320232967e-04
8.376156636548902617e-04
8.219489035213588301e-04
9.243376006633049124e-04
6.425729530566945446e-04
8.343260753446583898e-04
8.541662601625072673e-04
5.418486873657456411e-04
9.392017887546890266e-04
8.050465825031525007e-04
6.132699242584950961e-04
3.726929030716839364e-04
4.060788100849326032e-04
4.817675788178552693e-04
4.816637831516917844e-04
8.121576201698679168e-04
7.110555533852536787e-04
6.770524351924402801e-04
5.817215828899779256e-04
8.158431221748529321e-04
9.523129737644175962e-04
8.788629017088013789e-04
7.820485918406810955e-04
6.403124237432766645e-04
5.553377350766008653e-04
6.720119046564639173e-04
6.503076195155611718e-04
6.046486583132223503e-04
7.166589146867664416e-04
9.332202312423337797e-04
5.161395160225580028e-04
7.395268757793570279e-04
7.172865536171764379e-04
7.020683727387311843e-04
7.902531240052111400e-04
8.487638069569278113e-04
6.356886030125244924e-04
5.337602458032887328e-04
5.940538696111803598e-04
5.608029957123996864e-04
5.765414122159845129e-04
7.930321557162663170e-04
7.386474125047769092e-04
3.774917217635414927e-04
7.896834808959764772e-04
7.416872656315354195e-04
6.086049621881035009e-04
5.393514624064642271e-04
7.433034373659061413e-04
4.127953488110126063e-04
5.048762224545799530e-04
4.859012245302437444e-04
5.118593556827717890e-04
5.582114294781043108e-04
8.840814442120096183e-04
5.344155686355002302e-04
6.666333324999497998e-04
9.537295214053096099e-04
7.889233169326406898e-04
7.486654793697812039e-04
7.158212067269205782e-04
8.800568163476728831e-04
6.569627082262719832e-04
4.742362280551728950e-04
5.295280917949343139e-04
7.576938695805865041e-04
7.014271166699918283e-04
8.185963596303036122e-04
4.923413450036458585e-04
3.627671429443378491e-04
5.640035460881513566e-04
3.627671429443451675e-04
4.779121258139402539e-04
3.640054944640086737e-04
4.779121258139569506e-04
5.509990925582131972e-04
5.762811813689556551e-04
6.102458520956787749e-04
4.758150901348168031e-04
4.944694126030429711e-04
4.031128874149340294e-04
3.780211634286946001e-04
4.539823785126406827e-04
3.687817782917170357e-04
3.218695387886289644e-04
4.908156476723287689e-04
5.068530358989744742e-04
5.780138406647514042e-04
4.214261501141094838e-04
5.827520913733361639e-04
6.099999999999983474e-04
7.905061669588570690e-04
6.823488843692732814e-04
5.000999900020211683e-04
7.368174807915403319e-04
6.450581369148162929e-04
4.454211490263856226e-04
7.486654793698086343e-04
4.085339643162981321e-04
5.095095681142734019e-04
5.818075283115598049e-04
6.529931086925750555e-04
6.280923498976703160e-04
5.821511831131136920e-04
