3.756648639412527718e-02
2.169423886657467250e-03
1.743674281510172556e-03
9.170059977993501223e-04
1.175117015449957765e-03
1.303878828726055296e-03
8.811356308764360656e-04
8.062257748298707694e-04
7.972452571197915236e-04
8.092589202473981233e-04
1.069766329625294280e-03
8.602325267042685783e-04
6.241794613730786189e-04
6.387487769068708309e-04
7.364781055808670117e-04
5.276362383309360967e-04
7.547184905645322808e-04
6.095900261651347523e-04
7.459892760623301842e-04
9.413288479590991610e-04
6.545991139621426319e-04
7.296574538781934764e-04
5.810335618533452127e-04
8.590692637965783966e-04
6.902897942169098668e-04
8.921883209278173377e-04
8.360023923410788652e-04
5.899999999999909223e-04
1.076847250077753561e-03
7.217340230306521724e-04
4.317406628984701757e-04
6.928924880528185021e-04
7.816009211867555899e-04
6.720119046564424501e-04
6.957729514719566619e-04
7.964923100695884845e-04
1.048618138313467743e-03
7.200694410957646707e-04
7.940403012442161842e-04
4.883646178830090010e-04
5.996665740225959502e-04
7.359347797189592574e-04
4.898979485566270055e-04
4.404543109109016873e-04
7.402702209328632706e-04
7.851114570556175405e-04
5.987486951969200714e-04
7.045565981523582190e-04
1.036773842262620274e-03
6.985699678629201390e-04
8.488227141164323818e-04
3.494281041931225976e-04
5.216320542297869572e-04
7.631513611335323652e-04
7.787810988975012822e-04
7.784600182411580659e-04
8.426743143112639355e-04
9.134549797335428422e-04
7.525955088890800724e-04
6.277738446287792250e-04
6.870953354520658446e-04
7.453858061433637529e-04
6.095900261651285724e-04
8.718371407550693647e-04
6.749814812274396864e-04
7.432361670424794415e-04
6.177378084592210486e-04
5.337602458032862391e-04
8.757282683572608804e-04
8.754427451295654014e-04
6.213694553162392269e-04
4.614108798023615408e-04
5.287721626560852681e-04
6.753517601961296028e-04
6.053098380168421729e-04
5.872818744010431524e-04
9.156964562561212316e-04
5.153639490689977806e-04
6.164414002968964489e-04
5.467174773134681051e-04
7.362744053679934906e-04
7.280796659706844894e-04
6.870225614927134589e-04
1.182751030437093715e-03
7.043436661176303085e-04
6.615134163416551286e-04
9.180958555619412372e-04
5.625833271614142424e-04
7.470609078247784788e-04
6.070420084310428847e-04
4.459820624195665181e-04
8.187795796183644286e-04
5.238320341483386792e-04
7.435724578008490572e-04
7.486654793697959491e-04
9.917661014574091424e-04
7.000714249274931755e-04
8.522910301065057511e-04
1.138815173766150827e-03
6.374950980203657712e-04
7.327346040688881941e-04
8.345058418010051302e-04
7.694803441284260711e-04
7.113367697511477176e-04
9.840731680113927980e-04
9.897474425326917204e-04
7.372923436466836608e-04
5.389805191284780450e-04
8.518215775618604270e-04
8.944271909999240407e-04
5.102940328869124895e-04
7.453858061433523688e-04
6.116371473349218766e-04
5.107837115648950106e-04
6.450581369148196539e-04
9.594269122762982176e-04
7.296574538781773218e-04
7.547184905645336903e-04
6.618156843109678682e-04
4.489988864128729930e-04
