6.514563328943969509e+02
4.118717621706407783e+01
3.745107896448818252e+01
2.819895050322052654e+01
1.827049173185874409e+01
2.234581314639985905e+01
1.682973274732745139e+01
1.423318644179066794e+01
1.539033925307243678e+01
1.621695890858646294e+01
2.196919137951189427e+01
1.586269058501205187e+01
1.608124702615187829e+01
1.545556587419053329e+01
1.156083615726887004e+01
2.225325025797562972e+01
1.788278066158585489e+01
1.134572526858351260e+01
1.238157590293823240e+01
1.870132136650793342e+01
8.944379216778850505e+00
7.673658995091062529e+00
1.002565702042431361e+01
1.213315935286341762e+01
1.899974042911215832e+01
1.829084504316699977e+01
1.171662092379750142e+01
1.618674316577477512e+01
1.832803666332140935e+01
1.426971478747009492e+01
1.661075587560883804e+01
1.913964518721571295e+01
1.941134561267656267e+01
1.438753417601470375e+01
1.581088485676965938e+01
1.201650213567652692e+01
2.086954250887323425e+01
1.081415753620438913e+01
1.758624312155587788e+01
1.057410198515706767e+01
1.908788011397506779e+01
9.443074666012570617e+00
1.090210354883791055e+01
6.950346208097189837e+00
9.644222967492062537e+00
1.320804501145178378e+01
1.027229431010856153e+01
1.229794397197631817e+01
9.671372934761958362e+00
1.085260690862681976e+01
9.507232638843653660e+00
1.054877715783748648e+01
7.971017717847355577e+00
1.312767472752046594e+01
1.289525850629907922e+01
1.279297736880907621e+01
1.160316082596256493e+01
9.246753177617085484e+00
1.419866927189706374e+01
8.560331427232295454e+00
1.144804854281541040e+01
6.776168150275965196e+00
1.098603948172426215e+01
8.688257320118722760e+00
6.700278002283325485e+00
1.550802862204613142e+01
8.832598391101823765e+00
7.559427039778749524e+00
1.146426520666212134e+01
8.496664134864698070e+00
8.477223050052565156e+00
9.805907420517955941e+00
1.475302354901065449e+01
1.131999740030580170e+01
1.106555530433533541e+01
8.171284942211956448e+00
1.028966906557625194e+01
1.481521194206468905e+01
1.218436047412538947e+01
1.224568537057028017e+01
1.836173031648068488e+01
1.485803625827608876e+01
1.501040269466533950e+01
1.608318201400161485e+01
9.305483107197058956e+00
1.335271996899021829e+01
1.173782747539800830e+01
1.319907214280737584e+01
7.378435524033587711e+00
1.357586036446575761e+01
1.490613107092015710e+01
1.210476936671737569e+01
1.410174845740504068e+01
1.648046603439125235e+01
9.741907660633980726e+00
1.211320011560749066e+01
1.444807922658650945e+01
1.507686783976390643e+01
1.123096443936775479e+01
1.104431581395179940e+01
1.224887426037181903e+01
9.061814569270799424e+00
1.026497514452681159e+01
1.566856900083812754e+01
1.070091204549040498e+01
1.265081837809652932e+01
1.374448393626177101e+01
1.543365428947083018e+01
1.415175625949689220e+01
1.283887727611247165e+01
8.690200777606609250e+00
1.251920662410125296e+01
1.182911236436008018e+01
1.275434037575995916e+01
1.026280951731054536e+01
1.029281040818320214e+01
9.157471619052998335e+00
1.381995334458442848e+01
1.166434959778817237e+01
9.346551032154888361e+00
