1.373556003145723992e+02
1.927156727691971412e+02
4.909939606413743007e+01
3.369529137157660159e+01
1.915951942678112019e+01
2.192578834740520222e+01
1.735319626644719548e+01
2.799953661513116288e+01
1.555404750620534138e+01
1.591046836936493314e+01
1.101161198261487506e+01
1.309764814530169375e+01
8.317218853842849313e+00
1.031374315459635937e+01
6.811893488686679099e+00
1.510010644382970391e+01
1.750733487679493905e+01
1.424272362261298142e+01
1.211578041212634460e+01
1.306007646061198635e+01
1.102929685286975747e+01
1.096127245304220565e+01
1.187405918227333501e+01
1.295488852976541061e+01
9.078541987759884080e+00
1.030908283315126184e+01
1.207872759711770705e+01
7.787994266365117824e+00
8.041548336165043054e+00
8.969581155286777019e+00
9.521596454958389799e+00
8.264639767129851933e+00
9.430183950817768945e+00
7.821313814316230406e+00
1.125563492135645483e+01
8.919584570734768292e+00
7.420764550307584528e+00
7.533806416135995221e+00
9.790637935413153414e+00
7.376712055335067575e+00
8.379878776450629729e+00
1.148439086796838637e+01
6.206151370207080298e+00
7.558231822266982647e+00
7.370445297648925198e+00
8.842206943938519359e+00
6.630395865036968317e+00
6.547294793921165201e+00
5.658832399167256000e+00
6.194210021970260271e+00
7.021209734613640840e+00
5.257161686215626517e+00
4.594775319038364891e+00
9.189987536728507322e+00
8.307107061625220723e+00
7.147582231595541735e+00
7.996146252221707940e+00
7.664229802029699279e+00
5.775988279076717191e+00
8.746190353797530292e+00
9.735066358485182647e+00
8.792375335516041446e+00
8.749911847626318462e+00
7.473243894629920447e+00
7.949241171540452733e+00
8.420360850284099641e+00
7.536509903564864388e+00
7.057058889252457057e+00
5.373259509606640449e+00
5.812538456344160664e+00
5.875443078374979144e+00
6.685465100407064654e+00
5.292015357778973694e+00
6.724565643516801750e+00
7.403811457013967257e+00
6.201878274674474945e+00
7.011686333204155908e+00
7.363535454821821702e+00
8.964961750575351829e+00
7.329176349896221687e+00
8.762245317396187616e+00
8.199216906007574579e+00
8.317415754240238712e+00
9.854434166447225252e+00
8.309036739829167573e+00
7.254485808596332852e+00
7.809760033584445260e+00
7.460528793697036143e+00
6.649417431399539780e+00
5.738012025826427553e+00
8.012864933912782206e+00
5.477805986941474359e+00
6.694717375836398254e+00
5.671154548747011859e+00
6.089443288831616563e+00
8.092702370680617818e+00
4.487708177164992485e+00
6.291980512375207724e+00
1.017776352594359324e+01
8.851008379277770288e+00
7.717430880258358883e+00
7.004644834275001841e+00
8.395362376725724829e+00
5.860050710562534348e+00
7.144708091399330385e+00
7.587174796324329229e+00
8.656289058446127171e+00
8.261834815100604246e+00
6.532001006720004277e+00
5.379280760089065083e+00
5.961192894060363123e+00
6.030614327115282336e+00
5.518814728887577736e+00
6.544836261480170947e+00
7.339458778014126494e+00
7.293969013945795332e+00
7.281138702992943301e+00
6.629818953994474739e+00
6.590191891798239610e+00
7.468844635156393963e+00
