4.596630615234375000e+03
2.438032861328124909e+03
1.918605615234374909e+03
1.666081286621093795e+03
1.524069323730468795e+03
1.439054077148437500e+03
1.349782287597656250e+03
1.301385205078124955e+03
1.260347448730468841e+03
1.218923083496093795e+03
1.194675646972656295e+03
1.170977038574218795e+03
1.153370092773437591e+03
1.130901049804687545e+03
1.112388720703125045e+03
1.099406713867187591e+03
1.084675402832031295e+03
1.078413598632812409e+03
1.066597485351562455e+03
1.056924328613281205e+03
1.047504577636718750e+03
1.034971069335937500e+03
1.032521118164062500e+03
1.023746948242187500e+03
1.024909820556640625e+03
1.015186975097656273e+03
1.007945532226562477e+03
9.971800781250000227e+02
9.932262939453124773e+02
9.927612182617187955e+02
9.918916076660156023e+02
9.855240356445312955e+02
9.822314453125000000e+02
9.756341857910156250e+02
9.752616577148437500e+02
9.739888854980468977e+02
9.684943969726562045e+02
9.625903198242187955e+02
9.658975708007812955e+02
9.590042846679687045e+02
9.507463989257812500e+02
9.510358825683593977e+02
9.448536010742187727e+02
9.472911132812499773e+02
9.436823669433593977e+02
9.427823242187499773e+02
9.363707641601562273e+02
9.392488342285156477e+02
9.382885009765625455e+02
9.369438232421874773e+02
9.334663635253906477e+02
9.311679382324218750e+02
9.311361816406249545e+02
9.315269470214843750e+02
9.320390258789062727e+02
9.275867980957031023e+02
9.243512329101562273e+02
9.232927490234375227e+02
9.248149536132812045e+02
9.249260009765624773e+02
9.222531005859375455e+02
9.197712707519531250e+02
9.186857360839843523e+02
9.161017639160156705e+02
9.162885620117187955e+02
9.143198486328125227e+02
9.121305114746094205e+02
9.095430541992187727e+02
9.106767272949218750e+02
9.076526794433593750e+02
9.069354309082031023e+02
9.070006164550781023e+02
9.052355957031250000e+02
9.042003540039062273e+02
9.016559814453124773e+02
9.012356018066406023e+02
9.013647399902343977e+02
9.025471984863281705e+02
8.971566650390625455e+02
8.990643920898437500e+02
8.976710693359375455e+02
8.986629943847656250e+02
8.978328125000000455e+02
9.010524169921875455e+02
8.990444885253906477e+02
8.951732299804687045e+02
8.931555114746093977e+02
8.923823303222656023e+02
8.926142395019530795e+02
8.948027038574218750e+02
8.931447998046875227e+02
8.928326354980468977e+02
8.894474365234375455e+02
8.905067504882812273e+02
8.869401550292968750e+02
8.870557495117187727e+02
8.876493347167968295e+02
8.835270874023437955e+02
8.820955993652344205e+02
8.811338439941406477e+02
8.807388854980468977e+02
8.843618774414062500e+02
8.814242187500000227e+02
8.791038085937500455e+02
8.790360473632812273e+02
8.786535522460937955e+02
8.781683654785156250e+02
8.791119506835937045e+02
8.792512878417968523e+02
8.780090332031250000e+02
8.755941894531249545e+02
8.743019897460937955e+02
8.740997436523437045e+02
8.759550415039062727e+02
8.742459472656249773e+02
8.779874084472655795e+02
8.734321166992187955e+02
8.762805480957031250e+02
8.746142456054687955e+02
8.756078491210937500e+02
