1.422151181640624964e+04
5.224586572265625364e+03
3.361298364257812409e+03
2.663280371093750091e+03
2.298196582031249818e+03
2.029007995605468750e+03
1.856291687011718750e+03
1.723652990722656341e+03
1.619230737304687409e+03
1.538451245117187455e+03
1.466843994140625000e+03
1.428425598144531250e+03
1.374823583984375091e+03
1.340806213378906250e+03
1.307303771972656250e+03
1.274811767578125000e+03
1.257946008300781159e+03
1.233908764648437455e+03
1.208730786132812455e+03
1.193504650878906205e+03
1.170576733398437455e+03
1.163136682128906159e+03
1.146702258300781295e+03
1.140394653320312500e+03
1.131992980957031250e+03
1.114934790039062591e+03
1.107258117675781250e+03
1.095185913085937500e+03
1.090480847167968705e+03
1.083643469238281341e+03
1.077549865722656250e+03
1.071309094238281205e+03
1.061673706054687500e+03
1.054581542968750000e+03
1.051028039550781159e+03
1.046069262695312545e+03
1.041276611328125000e+03
1.035316815185546830e+03
1.031988305664062409e+03
1.027138397216796875e+03
1.022433337402343795e+03
1.018268029785156273e+03
1.012530621337890580e+03
1.007705859375000045e+03
1.004995336914062477e+03
1.003579064941406273e+03
9.980778686523437955e+02
9.965237243652343295e+02
9.924489868164062045e+02
9.889283935546875455e+02
9.866519958496094205e+02
9.841012023925781023e+02
9.796482849121093750e+02
9.789580749511718523e+02
9.762419738769531250e+02
9.774300537109375000e+02
9.695413696289062955e+02
9.681457580566406023e+02
9.691095458984375455e+02
9.680200866699218523e+02
9.672649353027343295e+02
9.662235534667968295e+02
9.607030578613281477e+02
9.591625061035156250e+02
9.576648925781249773e+02
9.580737854003906477e+02
9.520224792480469205e+02
9.528635437011719205e+02
9.494820251464843750e+02
9.467817565917969205e+02
9.461602661132812955e+02
9.423681884765625227e+02
9.404786560058594205e+02
9.413086853027343750e+02
9.405126831054687955e+02
9.385617004394531477e+02
9.357304748535156023e+02
9.375768676757812727e+02
9.346791625976562727e+02
9.305736816406249545e+02
9.309778991699218977e+02
9.321123107910156023e+02
9.313199768066406250e+02
9.317061706542968977e+02
9.314158630371093750e+02
9.297338195800781477e+02
9.312203247070312955e+02
9.291335998535156477e+02
9.261263549804687045e+02
9.238053466796875455e+02
9.291216186523437273e+02
9.256335632324219205e+02
9.243357788085937727e+02
9.231814270019531250e+02
9.224808288574218977e+02
9.229846557617187273e+02
9.232898986816405795e+02
9.220641052246094205e+02
9.181403930664062045e+02
9.189357482910156705e+02
9.188991577148437955e+02
9.186445007324218750e+02
9.171726928710937727e+02
9.188919677734375000e+02
9.176107299804687045e+02
9.150253417968749545e+02
9.181951965332031023e+02
9.153953002929687273e+02
9.155691955566405795e+02
9.119102294921874545e+02
9.104517700195312955e+02
9.096450073242187955e+02
9.091585205078124545e+02
9.065043029785156250e+02
9.061915771484375455e+02
9.057627380371093295e+02
9.066011230468750455e+02
9.077375427246093977e+02
9.052137023925781705e+02
9.054495971679687045e+02
