8.658650244140624636e+03
2.740818945312500091e+03
2.057815283203125091e+03
1.798053869628906341e+03
1.669277160644531250e+03
1.588134814453125045e+03
1.503816992187500091e+03
1.446534374999999955e+03
1.394732324218749909e+03
1.368809191894531295e+03
1.349508459472656341e+03
1.317447607421875091e+03
1.295320971679687545e+03
1.269713513183593705e+03
1.250797875976562409e+03
1.242518884277343659e+03
1.235198767089843841e+03
1.214912866210937409e+03
1.203183679199218659e+03
1.184949572753906295e+03
1.173122680664062500e+03
1.176718090820312455e+03
1.165262097167968705e+03
1.157009692382812545e+03
1.150601025390624955e+03
1.134306066894531341e+03
1.125971301269531295e+03
1.122462744140625091e+03
1.120551770019531205e+03
1.103053295898437455e+03
1.105246203613281295e+03
1.089506750488281341e+03
1.089786376953125000e+03
1.086054455566406205e+03
1.089591186523437500e+03
1.083650427246093841e+03
1.074226123046875045e+03
1.067284045410156295e+03
1.063603454589843750e+03
1.063934802246093795e+03
1.056882965087890625e+03
1.052272424316406159e+03
1.044396679687499955e+03
1.037858020019531295e+03
1.035569024658203034e+03
1.041306750488281295e+03
1.029046307373046830e+03
1.036970501708984330e+03
1.027559106445312409e+03
1.023094958496093795e+03
1.020998242187499955e+03
1.028201953125000045e+03
1.021343774414062523e+03
1.015901062011718750e+03
1.014314056396484375e+03
1.006444769287109352e+03
1.002147918701171875e+03
1.005174218750000023e+03
1.004059100341796920e+03
9.979296447753906705e+02
9.922127319335937727e+02
9.887878906250000455e+02
9.966004943847656250e+02
9.895930969238281705e+02
9.980664184570312045e+02
9.924684814453124773e+02
9.836978759765625000e+02
9.717995300292968750e+02
9.779784423828125455e+02
9.753305847167969205e+02
9.705822937011719205e+02
9.855065795898437955e+02
9.747792114257812273e+02
9.701834533691405795e+02
9.684196228027343523e+02
9.675276367187500455e+02
9.724373046875000455e+02
9.654192993164062955e+02
9.634742858886718295e+02
9.589278564453125000e+02
9.599158386230468523e+02
9.615555908203125455e+02
9.608346374511718295e+02
9.543844909667968750e+02
9.539248718261718523e+02
9.512766540527343295e+02
9.534113037109375455e+02
9.562212829589843750e+02
9.553645080566406023e+02
9.523946166992187727e+02
9.596917968750000227e+02
9.486344116210937045e+02
9.524970764160156023e+02
9.484718811035156705e+02
9.484062500000000000e+02
9.489655517578124773e+02
9.435047851562500227e+02
9.411864562988281477e+02
9.341110046386718295e+02
9.393114929199218750e+02
9.394504150390624773e+02
9.421454528808593523e+02
9.356134338378906250e+02
9.307931579589843523e+02
9.325543945312499545e+02
9.377669006347656477e+02
9.351927246093749773e+02
9.304586975097656705e+02
9.312324096679687955e+02
9.337715576171874545e+02
9.251384765625000455e+02
9.316095397949218295e+02
9.275752990722655795e+02
9.296758728027343750e+02
9.231407287597655795e+02
9.234685180664062045e+02
9.165481872558593750e+02
9.248282165527343750e+02
9.272972412109375000e+02
9.286753356933593295e+02
