8.376192555718014887e+01
9.071625692638992433e+00
2.371389066721003758e+01
1.211801496842707948e+01
1.770588675447254445e+01
1.944971385746247705e+01
2.681068509886659257e+01
1.755549948360592438e+01
1.416905504821375672e+01
9.702826907920208299e+00
8.384300550380157091e+00
1.010453321057600107e+01
8.721274349868384235e+00
1.304134000440187080e+01
8.328429235909657891e+00
9.836139394310604800e+00
9.200271636003302334e+00
9.377286238026405485e+00
1.213422038969341976e+01
9.090186405067608888e+00
1.453920640410448506e+01
1.219533881108844398e+01
9.438554488450940028e+00
1.010706561572862583e+01
1.314120147126803317e+01
9.720543199963133318e+00
9.399847114562831507e+00
9.548777781248658059e+00
9.928502286833086998e+00
6.502696302138295970e+00
1.029876199970723860e+01
1.179733217556025693e+01
1.032509581102005569e+01
1.137383819299691012e+01
1.335849553397883938e+01
1.334632788212692311e+01
1.134530958355034969e+01
9.690230603881843763e+00
1.134383584736820438e+01
7.701022910056734894e+00
1.018093889523225037e+01
1.008527333676947713e+01
8.688529382120448119e+00
8.630930896876186864e+00
9.858903574722962304e+00
7.402471907429740483e+00
9.982654797287118242e+00
1.124944968796374312e+01
1.076171829316403006e+01
8.583499650395138403e+00
1.038632576535252028e+01
1.128090061518659759e+01
1.263841472490873841e+01
1.228729097338705678e+01
9.963760318282060879e+00
9.946175511608554842e+00
1.071479055334438790e+01
7.918277494944267580e+00
1.101448220492905961e+01
8.219102727243246420e+00
1.045825121441820293e+01
1.010628354058932388e+01
9.703286066939499577e+00
1.123903612446544109e+01
9.576835051308659530e+00
8.453449568413930137e+00
9.522085702699531140e+00
1.139738236107442937e+01
1.053134064915700030e+01
1.061669953108568087e+01
7.562456249889311088e+00
7.162140312650744356e+00
8.287633962567994672e+00
8.631004975656068723e+00
8.977377493541542464e+00
8.055986469666756022e+00
8.111850240427077807e+00
8.484267135107012692e+00
9.727737541184428238e+00
7.220397217822526414e+00
8.457519000385778085e+00
1.147887682286397215e+01
9.281788211800389377e+00
1.001306791204026148e+01
7.793184393834265755e+00
1.200776075017570399e+01
9.730171974563324611e+00
1.161472095111837888e+01
9.222089982776784822e+00
8.781711305572081017e+00
8.352142245222548667e+00
1.057920041641401987e+01
9.363650049156547084e+00
1.165299050652977719e+01
9.255893856581231205e+00
8.647774619695766773e+00
7.602154305634201137e+00
8.041949957360920109e+00
7.298733794748870629e+00
6.114712002174913508e+00
8.281534118477129169e+00
8.857696054498683580e+00
7.361971932585196221e+00
7.250036948917633062e+00
6.667956651577201299e+00
9.036669018018992361e+00
1.209676815268381844e+01
1.154647155176909834e+01
8.795969192562933969e+00
9.983846544554410229e+00
9.380590328906956543e+00
1.154512666537092613e+01
1.180952329282580493e+01
9.800438026912042133e+00
8.777090329576518357e+00
7.506711153534384451e+00
1.086055143449732441e+01
7.723877184259212214e+00
9.142973707833860431e+00
1.009272514590081826e+01
