1.803995565404751958e-03
1.684784852733418967e-03
1.126765281680244509e-03
9.583318840568665412e-04
9.141115905621326199e-04
7.071774883294806077e-04
9.554580053566062844e-04
7.691553809211834755e-04
6.896375859826493369e-04
1.120535586226506118e-03
7.697402159170149390e-04
5.793099343184143768e-04
6.431174076325503431e-04
8.649277426467543491e-04
5.123475382979743569e-04
7.782030583337737817e-04
7.124605252222841138e-04
4.517742799230477961e-04
8.576712656956764604e-04
7.422263805605428411e-04
6.481512169239459506e-04
5.706137047074680323e-04
6.102458520956827864e-04
9.596353474106569066e-04
6.681317235396027742e-04
1.010940156488005165e-03
6.268173577685851559e-04
5.872818744010433693e-04
6.794115100585100672e-04
5.844655678480875031e-04
8.149233092751742135e-04
9.249864863877709171e-04
5.197114584074540976e-04
6.818357573492257523e-04
6.197580172938468943e-04
5.885575587824834693e-04
6.321392251711520013e-04
7.231182475916368875e-04
7.771743691090136951e-04
7.200000000000027559e-04
3.709447398198243849e-04
7.381734213584296555e-04
6.633249580710755657e-04
6.561249880929916588e-04
4.812483766206359205e-04
5.440588203494068275e-04
6.184658438426626379e-04
5.878775382679467037e-04
5.640035460881584039e-04
4.614108798023872906e-04
3.487119154832581331e-04
5.040833264451601882e-04
7.642643521714146022e-04
4.805205510693615436e-04
6.472248450113681243e-04
6.959885056522000478e-04
4.883646178829827633e-04
5.273518749374133318e-04
4.504442251822268002e-04
5.670978751503206149e-04
6.496922348312285725e-04
8.109253973085303602e-04
8.062877898120423062e-04
5.306599664568745472e-04
6.252199612936287830e-04
5.963220606350175560e-04
6.183849933496012854e-04
3.774917217635591652e-04
5.741080037762931205e-04
7.258787777583771295e-04
4.414748010928746754e-04
5.020956084253292524e-04
5.344155686355206132e-04
7.138627319029855955e-04
5.787054518492260003e-04
5.310367218940744956e-04
3.700000000000024341e-04
4.229657196511242556e-04
8.297590011563754598e-04
6.774215821775939929e-04
6.651315659326348601e-04
6.914477565225066224e-04
6.363175307973275999e-04
7.733692520394060436e-04
6.050619802962287942e-04
4.608687448721307382e-04
4.153311931459194631e-04
5.000999900019910275e-04
6.119640512317684996e-04
7.253275122315426668e-04
7.419568720619928179e-04
6.770524351924313896e-04
8.030566605165511936e-04
4.796873982084603094e-04
1.022007827758672060e-03
5.253570214625661585e-04
6.560487786742749119e-04
4.599999999999889008e-04
5.608029957124175758e-04
4.862098312457391043e-04
6.225752966509283176e-04
7.011419257183273664e-04
6.046486583132425164e-04
6.325345840347348795e-04
8.028075734570638443e-04
4.859012245302691147e-04
7.820485918406643987e-04
5.590169943749513735e-04
6.558200972827756860e-04
6.982836100038657340e-04
5.848931526355888050e-04
7.748548251124179028e-04
5.344155686354997966e-04
4.196427051671476746e-04
4.935585071701200895e-04
5.003998401278646332e-04
7.472616676907919107e-04
6.171709649683799429e-04
5.204805471869170105e-04
6.102458520956740044e-04
