5.613299999999999956e-01
9.171999999999999598e-02
5.718000000000002248e-02
4.477000000000001118e-02
3.823999999999999622e-02
3.403999999999997306e-02
3.143000000000001348e-02
2.974999999999999867e-02
2.838999999999999163e-02
2.753999999999999851e-02
2.605999999999999289e-02
2.563999999999999613e-02
2.506999999999999160e-02
2.490999999999999812e-02
2.398000000000000131e-02
2.367999999999999966e-02
2.287999999999999062e-02
2.291999999999998552e-02
2.286000000000001225e-02
2.277000000000001245e-02
2.236000000000001181e-02
2.174000000000001626e-02
2.178000000000001116e-02
2.143999999999999378e-02
2.110999999999999682e-02
2.116000000000000172e-02
2.083000000000002558e-02
2.071000000000002700e-02
2.088000000000000966e-02
2.059000000000000760e-02
2.106999999999998804e-02
2.009999999999999634e-02
2.075000000000001149e-02
2.072999999999999149e-02
2.021000000000001615e-02
2.045999999999999902e-02
2.038999999999998453e-02
1.986999999999999877e-02
2.042000000000001453e-02
1.971000000000000529e-02
1.952000000000001650e-02
1.957999999999999671e-02
1.973000000000000448e-02
1.968000000000000999e-02
1.956000000000001141e-02
2.002000000000001695e-02
1.960999999999999549e-02
1.940000000000000752e-02
1.952000000000000263e-02
1.933000000000000343e-02
1.910999999999999505e-02
1.896000000000001157e-02
1.905999999999998668e-02
1.899999999999998218e-02
1.884000000000001299e-02
1.902000000000000218e-02
1.901999999999999177e-02
1.915999999999999995e-02
1.880999999999999339e-02
1.913000000000000117e-02
1.898000000000000728e-02
1.905999999999997627e-02
1.912999999999999076e-02
1.876999999999999849e-02
1.880000000000000421e-02
1.881000000000001421e-02
1.871000000000000441e-02
1.902000000000000218e-02
1.866000000000000991e-02
1.884999999999999870e-02
1.859999999999998460e-02
1.846999999999998643e-02
1.859999999999999501e-02
1.868000000000000910e-02
1.864000000000002460e-02
1.890000000000000707e-02
1.863999999999998991e-02
1.832000000000000295e-02
1.834000000000001254e-02
1.868999999999999481e-02
1.868999999999999481e-02
1.861000000000000501e-02
1.868000000000000910e-02
1.861000000000000501e-02
1.888999999999999707e-02
1.879000000000001849e-02
1.870999999999999400e-02
1.876999999999999849e-02
1.822000000000000355e-02
1.841999999999998153e-02
1.833999999999997785e-02
1.866999999999999910e-02
1.881999999999999298e-02
1.863000000000000073e-02
1.834999999999999826e-02
1.807000000000000967e-02
1.849000000000000643e-02
1.870000000000000481e-02
1.915000000000001076e-02
1.863000000000001460e-02
1.849000000000000643e-02
1.855999999999998623e-02
1.835999999999999785e-02
1.855000000000000052e-02
1.846999999999999684e-02
1.866999999999998522e-02
1.820999999999999355e-02
1.841999999999999194e-02
1.845999999999999724e-02
1.853000000000000133e-02
1.897000000000000769e-02
1.835000000000001213e-02
1.837000000000001826e-02
1.843999999999999112e-02
1.832000000000001336e-02
1.871000000000001481e-02
1.864999999999997909e-02
1.824999999999999886e-02
1.839999999999999275e-02
1.788999999999998231e-02
