1.178399999999999864e-01
6.955000000000000071e-02
5.057999999999999996e-02
4.084000000000000824e-02
3.561999999999999889e-02
3.222999999999999476e-02
2.989000000000000684e-02
2.851999999999998980e-02
2.701999999999999888e-02
2.538000000000000325e-02
2.494999999999999302e-02
2.358000000000000027e-02
2.351999999999999577e-02
2.307000000000000023e-02
2.224999999999998160e-02
2.201999999999998403e-02
2.128000000000000030e-02
2.113000000000000295e-02
2.082000000000000517e-02
2.080999999999999517e-02
2.052999999999999270e-02
2.058000000000000801e-02
2.024000000000000105e-02
1.989000000000000837e-02
2.026000000000000023e-02
1.989999999999999408e-02
1.941000000000000364e-02
1.961000000000000590e-02
1.917999999999999566e-02
1.918000000000000954e-02
1.887000000000000829e-02
1.927999999999999853e-02
1.896999999999998687e-02
1.851000000000000562e-02
1.873000000000000359e-02
1.894000000000000197e-02
1.832000000000000295e-02
1.840999999999999234e-02
1.860000000000001583e-02
1.845999999999999724e-02
1.828000000000000805e-02
1.849000000000001684e-02
1.860000000000000542e-02
1.835000000000001213e-02
1.798000000000000639e-02
1.850000000000000602e-02
1.794999999999998680e-02
1.848000000000000684e-02
1.833000000000000254e-02
1.811000000000000457e-02
1.778000000000000760e-02
1.803000000000000089e-02
1.796999999999999639e-02
1.781000000000001332e-02
1.808999999999998456e-02
1.805999999999998579e-02
1.774999999999999842e-02
1.792999999999999108e-02
1.770999999999998270e-02
1.772000000000000311e-02
1.766999999999998433e-02
1.792000000000001231e-02
1.773000000000000270e-02
1.762000000000000371e-02
1.740999999999999145e-02
1.728000000000000716e-02
1.735999999999999696e-02
1.775000000000000883e-02
1.772000000000000311e-02
1.738999999999999574e-02
1.739000000000000615e-02
1.726999999999997287e-02
1.742000000000000146e-02
1.717999999999998348e-02
1.708999999999998368e-02
1.740000000000000574e-02
1.680999999999999162e-02
1.731000000000000247e-02
1.714999999999999858e-02
1.719000000000000389e-02
1.723999999999997756e-02
1.683000000000000121e-02
1.708999999999998368e-02
1.716999999999999776e-02
1.702999999999998959e-02
1.704000000000001000e-02
1.744999999999998636e-02
1.726999999999998675e-02
1.704999999999999918e-02
1.702999999999998959e-02
1.725000000000000838e-02
1.695999999999999591e-02
1.708999999999999408e-02
1.706999999999999490e-02
1.715000000000000899e-02
1.720000000000000348e-02
1.714000000000002327e-02
1.687999999999999570e-02
1.695000000000002061e-02
1.704000000000001000e-02
1.678000000000001712e-02
1.662000000000001323e-02
1.702000000000000041e-02
1.672999999999998794e-02
1.704999999999999918e-02
1.656999999999999446e-02
1.678000000000000672e-02
1.654999999999999874e-02
1.692999999999999020e-02
1.661999999999998895e-02
1.677000000000000712e-02
1.705999999999999878e-02
1.697999999999998469e-02
1.663000000000001283e-02
1.671999999999999181e-02
1.675999999999999712e-02
1.663999999999999854e-02
1.680999999999999162e-02
1.670999999999999222e-02
1.643999999999999975e-02
