4.787709368790046133e-02
1.319696934905884890e-03
1.285923792454288402e-03
6.100000000000029010e-04
1.155162326255488280e-03
1.023914058893627072e-03
7.114070564733009170e-04
5.239274758972027081e-04
5.068530358989600543e-04
6.681317235396085205e-04
7.116178749862847076e-04
5.023942674832063485e-04
6.325345840347471309e-04
6.833008122342506359e-04
1.047664068296714004e-03
5.793099343184166536e-04
5.306599664568477674e-04
3.458323293158242491e-04
7.323933369440311812e-04
4.817675788178501736e-04
4.779121258139537522e-04
8.212186067059046692e-04
7.318469785412692538e-04
5.660388679233989938e-04
5.281098370604492970e-04
6.437390775772500141e-04
6.768308503607034119e-04
7.189575787207489431e-04
7.665507158694651177e-04
6.624952830020888099e-04
2.934280150224311988e-04
3.687817782917020195e-04
6.621933252457221130e-04
6.034069936618279657e-04
3.299999999999999982e-04
4.586937976471846114e-04
6.252199612936240125e-04
5.657738063926104474e-04
6.838128398911468703e-04
5.957348403442614066e-04
3.682390527904471126e-04
3.893584466786350197e-04
3.348133808556709966e-04
6.095900261651455944e-04
5.238320341483640495e-04
6.305553108173876523e-04
3.505709628591633579e-04
4.538722287164076506e-04
6.305553108173915554e-04
6.197580172938579532e-04
7.582216034907136772e-04
5.295280917949632621e-04
5.219195340279979582e-04
4.335896677735947874e-04
3.382306905057534522e-04
4.728636167014967431e-04
6.968500556073757438e-04
6.167657578043840442e-04
7.313685801290638550e-04
5.060632371552077537e-04
3.187475490101766514e-04
8.064738061462453948e-04
8.775534171775412019e-04
4.670117771534227019e-04
6.693280212272497342e-04
8.166394553289761009e-04
4.805205510693688620e-04
3.187475490101675441e-04
4.127953488110071853e-04
4.716990566028193940e-04
7.899367063252558593e-04
4.980963762164752461e-04
4.604345773288703284e-04
4.166533331199904783e-04
3.039736830714280047e-04
5.234500931320765519e-04
4.799999999999897122e-04
3.841874542459679069e-04
4.152107898405490885e-04
5.485435260761064745e-04
6.714908785679731028e-04
4.635730794599660066e-04
5.929586832149237466e-04
9.126335518706287734e-04
3.112876483254715314e-04
4.229657196511452891e-04
3.562302626111435206e-04
4.495553358597774093e-04
2.925747767665418564e-04
3.627671429443250013e-04
3.800000000000019183e-04
7.253275122315623992e-04
2.891366458960365295e-04
6.403905058634142130e-04
3.801315561749836957e-04
5.984145720150880945e-04
5.734980383575707854e-04
6.811754546370511060e-04
4.248529157249589998e-04
3.976179070414251077e-04
6.891298861608234540e-04
5.043808085167484712e-04
6.135144660071105123e-04
5.987486951969070610e-04
5.950630218724713410e-04
5.423098745182581984e-04
5.682429058070148425e-04
6.925315877272346377e-04
6.755738301621912190e-04
4.648655719667935506e-04
5.728001396647993022e-04
4.341658669218604444e-04
4.243819034784624420e-04
7.002856560004773901e-04
7.533923280734946670e-04
4.036087214122144871e-04
6.232976816898932061e-04
4.104875150354509350e-04
5.000000000000027209e-04
5.088221693283353445e-04
