1.054000000000000492e-01
7.150000000000000799e-02
5.789999999999995151e-02
5.420000000000002593e-02
4.710000000000003073e-02
4.130000000000000338e-02
4.010000000000002451e-02
3.480000000000005311e-02
3.649999999999997691e-02
3.110000000000001652e-02
3.629999999999999893e-02
3.039999999999998259e-02
3.190000000000003944e-02
2.890000000000003677e-02
3.169999999999995044e-02
2.859999999999995879e-02
2.880000000000004778e-02
2.810000000000001386e-02
3.120000000000000551e-02
2.800000000000002487e-02
2.859999999999995879e-02
3.120000000000000551e-02
2.739999999999997993e-02
2.980000000000004867e-02
2.990000000000003766e-02
3.000000000000002665e-02
2.729999999999999094e-02
2.900000000000002576e-02
2.759999999999995790e-02
3.459999999999996412e-02
3.010000000000001563e-02
3.049999999999997158e-02
2.800000000000002487e-02
3.049999999999997158e-02
3.110000000000001652e-02
2.790000000000003588e-02
3.020000000000000462e-02
2.980000000000004867e-02
3.010000000000001563e-02
2.949999999999997069e-02
2.649999999999996803e-02
3.129999999999999449e-02
2.659999999999995701e-02
2.780000000000004690e-02
2.939999999999998170e-02
2.869999999999994778e-02
2.929999999999999272e-02
3.059999999999996056e-02
2.990000000000003766e-02
3.120000000000000551e-02
2.790000000000003588e-02
3.059999999999996056e-02
2.739999999999997993e-02
3.139999999999998348e-02
2.929999999999999272e-02
2.780000000000004690e-02
2.780000000000004690e-02
2.890000000000003677e-02
2.859999999999995879e-02
2.900000000000002576e-02
2.880000000000004778e-02
3.029999999999999361e-02
2.839999999999998082e-02
2.720000000000000195e-02
3.059999999999996056e-02
3.069999999999994955e-02
2.849999999999996980e-02
2.710000000000001297e-02
2.839999999999998082e-02
3.080000000000004956e-02
2.810000000000001386e-02
2.849999999999996980e-02
2.890000000000003677e-02
2.929999999999999272e-02
2.859999999999995879e-02
3.090000000000003855e-02
3.000000000000002665e-02
2.929999999999999272e-02
3.329999999999999627e-02
2.839999999999998082e-02
2.780000000000004690e-02
3.200000000000002842e-02
2.969999999999994866e-02
3.010000000000001563e-02
2.729999999999999094e-02
3.080000000000004956e-02
2.920000000000000373e-02
2.680000000000004601e-02
2.859999999999995879e-02
3.280000000000005134e-02
2.869999999999994778e-02
2.829999999999999183e-02
2.959999999999995968e-02
2.839999999999998082e-02
2.749999999999996891e-02
3.200000000000002842e-02
2.839999999999998082e-02
3.029999999999999361e-02
3.069999999999994955e-02
3.180000000000005045e-02
3.020000000000000462e-02
2.810000000000001386e-02
2.869999999999994778e-02
3.059999999999996056e-02
3.069999999999994955e-02
2.980000000000004867e-02
3.190000000000003944e-02
3.020000000000000462e-02
2.980000000000004867e-02
2.929999999999999272e-02
3.129999999999999449e-02
2.969999999999994866e-02
2.839999999999998082e-02
2.749999999999996891e-02
2.900000000000002576e-02
3.080000000000004956e-02
2.839999999999998082e-02
3.110000000000001652e-02
2.890000000000003677e-02
3.210000000000001741e-02
