3.476017822265625000e+03
2.423874755859375000e+03
1.911104125976562500e+03
1.805489379882812500e+03
1.505524169921875000e+03
1.349779907226562500e+03
1.300242309570312500e+03
1.185101562500000000e+03
1.203794677734375000e+03
1.061754394531250000e+03
1.237509887695312500e+03
1.074819946289062500e+03
1.057243164062500000e+03
1.034770263671875000e+03
1.126699829101562500e+03
1.018707641601562500e+03
1.090029418945312500e+03
1.053050659179687500e+03
1.144119750976562500e+03
1.074577270507812500e+03
1.136164672851562500e+03
1.212328247070312500e+03
1.089394042968750000e+03
1.177945190429687500e+03
1.178657348632812500e+03
1.222858886718750000e+03
1.197467285156250000e+03
1.271432373046875000e+03
1.239312255859375000e+03
1.491037597656250000e+03
1.352068115234375000e+03
1.357783081054687500e+03
1.294380859375000000e+03
1.463630737304687500e+03
1.425429565429687500e+03
1.328000488281250000e+03
1.473940185546875000e+03
1.504996215820312500e+03
1.618317016601562500e+03
1.550851074218750000e+03
1.534463134765625000e+03
1.692624877929687500e+03
1.527732177734375000e+03
1.551348999023437500e+03
1.718803710937500000e+03
1.686914916992187500e+03
1.708665283203125000e+03
1.749268066406250000e+03
1.709772827148437500e+03
1.927844970703125000e+03
1.587254882812500000e+03
1.796964233398437500e+03
1.752806396484375000e+03
1.901993652343750000e+03
1.786188232421875000e+03
1.723930908203125000e+03
1.733414428710937500e+03
1.887572265625000000e+03
1.952406860351562500e+03
1.915682739257812500e+03
1.855887573242187500e+03
2.011532836914062500e+03
1.872590454101562500e+03
1.877247436523437500e+03
2.050637939453125000e+03
2.123989990234375000e+03
2.018577270507812500e+03
1.843251464843750000e+03
2.072419921875000000e+03
2.199690185546875000e+03
1.817965087890625000e+03
2.048040039062500000e+03
2.066782714843750000e+03
2.131988281250000000e+03
2.048171142578125000e+03
2.124958251953125000e+03
2.134456787109375000e+03
1.964282958984375000e+03
2.318509521484375000e+03
2.117820068359375000e+03
2.109648681640625000e+03
2.396880859375000000e+03
2.245560546875000000e+03
2.217848388671875000e+03
2.064333007812500000e+03
2.343288574218750000e+03
2.260317871093750000e+03
2.244731689453125000e+03
2.229909179687500000e+03
2.335534423828125000e+03
2.174423583984375000e+03
2.215190917968750000e+03
2.167275390625000000e+03
2.324978271484375000e+03
2.098931640625000000e+03
2.620329345703125000e+03
2.212457031250000000e+03
2.434205810546875000e+03
2.330879882812500000e+03
2.508512695312500000e+03
2.462279785156250000e+03
2.246567871093750000e+03
2.383557128906250000e+03
2.484130126953125000e+03
2.330083740234375000e+03
2.279157958984375000e+03
2.507042480468750000e+03
2.379020263671875000e+03
2.329154541015625000e+03
2.138381347656250000e+03
2.428449707031250000e+03
2.524386474609375000e+03
2.232795410156250000e+03
2.200833496093750000e+03
2.297632568359375000e+03
2.444954589843750000e+03
2.304081542968750000e+03
2.433141845703125000e+03
2.399774414062500000e+03
2.560716064453125000e+03
