4.869481181706957074e+01
4.478899311331779387e+01
3.135505231294671091e+01
2.318820815638900612e+01
1.915774956508040816e+01
1.153422261708197638e+01
1.893873702917053947e+01
2.189843634088930457e+01
1.475255437398805825e+01
1.276631161773332224e+01
1.737558961983721773e+01
6.048237474036689321e+00
9.716608975603605813e+00
1.223300940663108349e+01
7.217929410040168747e+00
1.072742089226687767e+01
9.654853005581522041e+00
1.119080372489778341e+01
9.818547366119945607e+00
1.585065411550616510e+01
1.031401720081836437e+01
1.018520989227243234e+01
9.438939823202129986e+00
9.075445718154302455e+00
1.226621881089948474e+01
9.470222801093042264e+00
9.790319413087978262e+00
6.844129932444308118e+00
1.045811668098706981e+01
1.446259706187668925e+01
1.655345730165008789e+01
1.245875109103561407e+01
7.923193652858454783e+00
1.088209954565120796e+01
1.399590470197263237e+01
1.187421249389107203e+01
6.664643592744395661e+00
8.772071979067632697e+00
1.055288277925184381e+01
1.088974961347482306e+01
1.074974518625896991e+01
9.003804110547633854e+00
1.037699627717248774e+01
8.322226344548335319e+00
9.188298818326819273e+00
8.872690327454543890e+00
5.753464436065404364e+00
5.827258826952759208e+00
9.112307985571126423e+00
1.203134722321105521e+01
6.805238660363264636e+00
9.197329747595590632e+00
6.142278728023533141e+00
9.907491230414516181e+00
6.937831015435746984e+00
6.825295371305855063e+00
1.078054131196569898e+01
1.407272610078284814e+01
1.262923501973618734e+01
1.633146592378328066e+01
1.081054279656234307e+01
1.448454334394865306e+01
1.292628087746713206e+01
1.013793539518841236e+01
1.404143838429869007e+01
1.282721238430595712e+01
1.109814190842335968e+01
1.042101811675502887e+01
9.067830854867564128e+00
1.541908548558964398e+01
1.239945261768326468e+01
1.173229484159110569e+01
1.184578022927194318e+01
8.700983867324513454e+00
6.497653532824556599e+00
1.165645126633864415e+01
6.232566480067813330e+00
8.034382935922161906e+00
1.027550160720056383e+01
1.102443482810551778e+01
1.380095528712859476e+01
1.069292506112841856e+01
8.499669143745014921e+00
1.555754343079646063e+01
1.219867201098765541e+01
1.486387119138020729e+01
1.319011230546700730e+01
1.251966352084773781e+01
1.027163124657865190e+01
9.554836473808569153e+00
9.454652579001455948e+00
1.498131992745028818e+01
1.410963226315768893e+01
1.493625977745932509e+01
1.266388211271855901e+01
1.216402418179561806e+01
1.267606823763107471e+01
1.413052977825562628e+01
9.837326910981555983e+00
1.397787717505286054e+01
1.520963619756828678e+01
1.111881900259889022e+01
1.292059299022905883e+01
1.680506645672274502e+01
1.333572814657102690e+01
1.196619719467583209e+01
1.586554485032279871e+01
1.514625397704455700e+01
1.465078908407287273e+01
1.537957920462451078e+01
2.278334172978366468e+01
1.738407859505844399e+01
1.795859103331721585e+01
1.607151586475592353e+01
1.155822450516811983e+01
1.250396893029440371e+01
1.765858328141924360e+01
2.020567970040756833e+01
1.799256567847957911e+01
1.978952712195143704e+01
