1.934345468750000146e+04
3.870698315429687682e+03
2.070332763671875000e+03
1.567177978515625000e+03
1.353905383300781295e+03
1.215063854980468705e+03
1.119022961425781205e+03
1.053579711914062500e+03
1.015526684570312455e+03
9.821923706054687955e+02
9.534906921386718750e+02
9.391084777832031705e+02
9.177421447753906705e+02
8.877462463378906250e+02
8.799554748535156250e+02
8.670275146484375455e+02
8.523100402832030795e+02
8.462180236816406023e+02
8.394930786132812273e+02
8.294697082519530795e+02
8.184254638671875455e+02
8.147971862792968523e+02
8.146295288085937045e+02
8.043049865722656477e+02
7.984120910644530795e+02
7.930546203613281477e+02
7.833532287597656705e+02
7.869131469726562500e+02
7.932318115234375000e+02
7.800932861328125227e+02
7.803565063476562500e+02
7.693192443847656250e+02
7.711622741699218295e+02
7.686976806640625455e+02
7.664698913574218295e+02
7.636922241210937727e+02
7.570444396972656023e+02
7.573260864257812273e+02
7.569990783691406477e+02
7.520234191894530795e+02
7.476252624511719205e+02
7.507666259765625227e+02
7.443231323242187045e+02
7.477041442871093295e+02
7.489899047851562273e+02
7.483836730957031023e+02
7.460640136718750455e+02
7.411288879394530795e+02
7.394465026855468750e+02
7.403737854003906023e+02
7.418465026855468523e+02
7.339924865722656477e+02
7.388218505859374545e+02
7.340359863281249773e+02
7.317488769531249773e+02
7.256621459960937273e+02
7.311993408203125000e+02
7.314828186035156250e+02
7.295797485351562273e+02
7.303274047851562045e+02
7.277020080566405795e+02
7.268216674804687045e+02
7.271683410644531023e+02
7.220677612304687045e+02
7.269729370117187273e+02
7.216600708007812273e+02
7.173488281249999545e+02
7.159165893554687727e+02
7.169812072753906023e+02
7.198725097656249545e+02
7.190080627441406023e+02
7.232992248535156250e+02
7.171177246093750455e+02
7.177655273437500227e+02
7.163179565429687727e+02
7.188414794921875455e+02
7.171060241699218523e+02
7.180999572753905795e+02
7.134836608886719205e+02
7.163728454589843295e+02
7.122412414550781250e+02
7.169647460937500227e+02
7.221534362792968977e+02
7.144733276367187500e+02
7.179924255371093977e+02
7.117359863281250227e+02
7.130662170410156477e+02
7.106772705078125227e+02
7.070822082519531477e+02
7.045322937011718523e+02
6.987331848144531250e+02
7.114108947753906023e+02
7.118063903808593977e+02
7.110270874023437955e+02
7.088406799316405795e+02
7.050281250000000455e+02
7.016451416015625000e+02
7.057699951171874773e+02
7.089759582519531023e+02
7.083847839355469205e+02
7.085648864746093523e+02
7.028562072753906023e+02
7.092969726562499773e+02
7.027081115722655795e+02
7.103946533203125000e+02
7.056385986328125455e+02
7.077471435546874545e+02
7.026105346679687500e+02
7.104903137207031705e+02
7.046966430664062955e+02
7.131743225097656023e+02
7.081803039550781023e+02
7.077203674316406250e+02
7.083630859375000455e+02
7.050145690917968295e+02
7.121328002929687955e+02
7.042586303710937727e+02
7.063724243164062955e+02
7.080238098144531023e+02
7.056538513183593295e+02
