3.988875292968749818e+03
2.347786694335937682e+03
1.709111755371093750e+03
1.386820983886718750e+03
1.225507238769531341e+03
1.095195874023437455e+03
1.016096325683593705e+03
9.665680664062499545e+02
9.284023254394530795e+02
8.827263183593750000e+02
8.572885437011718750e+02
8.317736694335937955e+02
8.191917602539062955e+02
8.021442932128906023e+02
7.836166442871093523e+02
7.737573791503906477e+02
7.552031555175781250e+02
7.513424011230468977e+02
7.396570983886718977e+02
7.314255432128906023e+02
7.249982055664062273e+02
7.212691650390625000e+02
7.195281372070312500e+02
7.088504150390624545e+02
7.072615722656249773e+02
6.964711303710937500e+02
6.964691162109375000e+02
6.872820739746093750e+02
6.875200378417969205e+02
6.827729492187500000e+02
6.784860534667968750e+02
6.789164306640625455e+02
6.781421997070312955e+02
6.689511047363281477e+02
6.731401733398437273e+02
6.735628417968749773e+02
6.609855834960937955e+02
6.629018371582030795e+02
6.582984558105468977e+02
6.610583251953124773e+02
6.566626770019531705e+02
6.563372863769531023e+02
6.554758239746093977e+02
6.557442932128906250e+02
6.510347229003906477e+02
6.499083007812499773e+02
6.461741149902343295e+02
6.483512695312499545e+02
6.458244018554687500e+02
6.460407470703124773e+02
6.414948852539062045e+02
6.428873229980468977e+02
6.449768432617187273e+02
6.444607910156249773e+02
6.470501159667968523e+02
6.443623352050781250e+02
6.382393188476562500e+02
6.398119445800781477e+02
6.386099670410155795e+02
6.419065612792968523e+02
6.348002258300781477e+02
6.370125793457031023e+02
6.386239440917968295e+02
6.329194519042969205e+02
6.370953857421875455e+02
6.342347167968749773e+02
6.395884338378906477e+02
6.363226623535156250e+02
6.373179687499999773e+02
6.362071655273437045e+02
6.394730407714844205e+02
6.363284301757812500e+02
6.327738769531249545e+02
6.329185729980468977e+02
6.362113769531249545e+02
6.325785949707030795e+02
6.307925659179687727e+02
6.326251586914062273e+02
6.275200866699218523e+02
6.304340576171874773e+02
6.293648315429687727e+02
6.269596252441406250e+02
6.245465332031250227e+02
6.299674072265625000e+02
6.290033325195312273e+02
6.293136352539062273e+02
6.267364624023437045e+02
6.296145080566406023e+02
6.297167541503906705e+02
6.299455322265624773e+02
6.315726440429687045e+02
6.355609436035156250e+02
6.311174133300780795e+02
6.362940185546874545e+02
6.337518920898437500e+02
6.351287109375000455e+02
6.371312561035156250e+02
6.337319152832030795e+02
6.272546875000000455e+02
6.282894042968749773e+02
6.296452941894531250e+02
6.309313476562499545e+02
6.306595336914062955e+02
6.362890136718749545e+02
6.340934753417968750e+02
6.283132080078124773e+02
6.284148437500000455e+02
6.265407897949219205e+02
6.397022644042968977e+02
6.349197265625000455e+02
6.355624633789062727e+02
6.353431152343749773e+02
6.379373596191405795e+02
6.447114746093750455e+02
6.388224182128906250e+02
6.394314819335937727e+02
6.373277160644531705e+02
6.353084472656249773e+02
6.378667297363281250e+02
6.407129577636718523e+02
