3.177262361883490485e+02
1.362220838453856118e+02
3.141433278071648161e+01
1.091628772139161008e+01
2.083832790410078672e+01
1.998007275771224656e+01
2.364180950861052466e+01
1.071025252137911643e+01
1.347563494030040232e+01
1.162351424065871086e+01
1.191730196975398748e+01
1.832472365394766811e+01
1.399430598460221375e+01
1.322659744164712237e+01
2.215365610323904022e+01
1.456198167379342046e+01
1.219798041772936159e+01
1.059083483121904834e+01
1.495049011906619185e+01
1.373125951842303394e+01
1.081994632916637933e+01
1.436735922241083863e+01
1.544049903977100691e+01
1.555416203030984690e+01
1.375249864782836795e+01
6.704253084977900734e+00
1.175257364581029940e+01
9.596051651246527925e+00
1.202286305991782100e+01
8.366023646333596631e+00
9.109220068768932421e+00
6.687995901184909719e+00
5.702519431692683050e+00
8.870969841804370759e+00
1.328010915863319674e+01
8.316915912617487194e+00
7.515920184828418726e+00
1.349635215633899321e+01
8.904841183718705366e+00
1.068051147931110734e+01
1.068189416794941415e+01
7.833852330304978295e+00
7.426608019329536958e+00
1.027265481908407985e+01
8.887148961655629620e+00
1.018336237941430689e+01
1.048065413254563971e+01
9.772562034919216600e+00
1.183516589007808761e+01
6.219548822346864014e+00
8.296175118355002098e+00
5.944531739636978784e+00
9.289006648918409326e+00
5.264650202350890318e+00
5.767249925888417117e+00
6.316297863907345267e+00
7.444566605912623203e+00
8.071377164275629568e+00
1.153154395900186024e+01
1.065609436515102892e+01
8.568728031475741247e+00
7.180263988379806506e+00
1.170655795167634317e+01
9.940510155505471346e+00
6.114551125110711638e+00
1.235151023839212669e+01
1.052108953565378613e+01
1.338136755708698189e+01
1.220064789240757008e+01
1.080901010094668280e+01
1.096146599223674833e+01
1.171609438075367393e+01
6.693235807822694561e+00
9.281362734826007710e+00
1.148767624753952532e+01
1.103755663142251109e+01
8.261412701876590603e+00
1.145813988203493139e+01
1.019312412325441386e+01
1.322983180338427189e+01
1.184207018484611318e+01
1.227711529836892979e+01
6.595681672034535481e+00
9.494490741127599165e+00
6.981197383267928380e+00
1.045163785573232929e+01
1.308051593380040245e+01
1.320828652508293111e+01
1.036984113429268817e+01
1.153729131917270578e+01
1.087450927393318345e+01
7.916359102869110487e+00
1.124771718223953698e+01
1.432531225366988004e+01
1.676640299847840865e+01
8.739076207399316232e+00
1.042419473679898800e+01
1.010212810450072674e+01
1.121632629712810747e+01
1.212612872385157203e+01
1.110110216533464644e+01
8.313072038245932660e+00
8.158162971911023575e+00
8.623077476985024248e+00
1.118725207756026307e+01
1.650156592879337580e+01
1.265192292376578997e+01
9.648011370410952026e+00
1.948916798440216525e+01
1.313509550872405462e+01
1.351879755106490322e+01
1.725428678721339182e+01
1.048856046714324108e+01
1.128107168272006255e+01
1.506866610236611592e+01
9.215705593155464115e+00
9.505584285111069676e+00
1.329291263013590552e+01
1.164494933460893478e+01
1.087690463727609114e+01
