0.000000000000000000e+00
0.000000000000000000e+00
2.527836885985516868e-02
1.977481729382458975e-02
2.310014475072574586e-03
3.261538149780948085e-03
2.915408967382333936e-03
1.550417089604331014e-03
1.397678481914269846e-03
1.298476349562607607e-03
1.475020923286825313e-03
1.157340726520065437e-03
1.383221186917438141e-03
1.274959920374098320e-03
1.065973783833096527e-03
1.503438501591730777e-03
1.134442763132026584e-03
1.278936930044816166e-03
1.100163913361128188e-03
1.093411418713704846e-03
9.563167495716497820e-04
1.395860559859070848e-03
5.477690580413045436e-04
9.337013551047161370e-04
8.922134722156326893e-04
7.138182091297089540e-04
8.421925320081812862e-04
8.544151268173369842e-04
9.220709660981312762e-04
1.029623020468405526e-03
8.125248985036552822e-04
1.077818300549649106e-03
9.660034463586977252e-04
1.049771719578123340e-03
9.429472648727289710e-04
1.110882534457924850e-03
1.077032718593587748e-03
9.518811192149276594e-04
7.371517328602862542e-04
1.286196176288057153e-03
1.201124096029212605e-03
9.660034463586872084e-04
8.135659301907107333e-04
9.209228259864024472e-04
7.600474471059895159e-04
1.220522277242635893e-03
8.030948897734237419e-04
7.054691709311813365e-04
5.851249805936501337e-04
8.785910925349600187e-04
9.970475882371977044e-04
5.599941406630904069e-04
1.149820087429088457e-03
1.114685635395527234e-03
7.642121218270753451e-04
6.810510330074841245e-04
1.123760566447058870e-03
9.857353261231087231e-04
8.072996037995728777e-04
9.174697848581710429e-04
7.328332907038330847e-04
9.257354453815900197e-04
7.362900706921687117e-04
6.896957257453230393e-04
5.763804042839660398e-04
4.958638466650345557e-04
7.054691709311697355e-04
7.970117518128206876e-04
6.102611386213291139e-04
8.632847257089975310e-04
8.200424368646157649e-04
9.339279541506733794e-04
7.741159317929262621e-04
6.088726018082332323e-04
6.403777994763670779e-04
6.133738537698127250e-04
7.173666230883670239e-04
7.185455336997739490e-04
5.948089814771141551e-04
5.138858669737493600e-04
8.571350197901603674e-04
5.188035471268763292e-04
5.301007499166687309e-04
7.258703461994337998e-04
7.362900706921696875e-04
5.778470234597127275e-04
9.098269651304684638e-04
8.603383528626510875e-04
8.371524356871374879e-04
9.014154412757143485e-04
8.881725219058836428e-04
6.583007611602423748e-04
8.290245496650830177e-04
7.884701870700261276e-04
5.348693684426978918e-04
8.020402670075358308e-04
5.704762239811439527e-04
3.466838005832498953e-04
6.887746983247435874e-04
7.069673020958352951e-04
7.741159317929120591e-04
7.884701870700164782e-04
6.270212159690518455e-04
7.018606093080341545e-04
7.485457888771879491e-04
7.903465423698190174e-04
9.868080604987711831e-04
1.334639093462965760e-03
9.507689782589154445e-04
6.270212159690518455e-04
8.187512339902257904e-04
8.824361485096688697e-04
9.346074216499146957e-04
3.924868139958404001e-04
7.655953123196152562e-04
1.008652595937575402e-03
7.589330074345571400e-04
9.163158795029909551e-04
7.809196830323990139e-04
8.148653495304773817e-04
7.653188742126428891e-04
1.146133575575746704e-03
9.220709660981313846e-04
7.232419597303856680e-04
6.887746983247544294e-04
9.525477805217295911e-04
8.135659301907176722e-04
9.300682621236312179e-04
7.555798260525460651e-04
8.096551596031422793e-04
6.508657485931380361e-04
6.270212159690688675e-04
5.730667877878819171e-04
6.835321014538644482e-04
6.373969711923360053e-04
4.618379823213926753e-04
5.380249673162829658e-04
7.722001390299671310e-04
6.912280442876501561e-04
7.722001390299635532e-04
7.863202984413165475e-04
6.256698755707046193e-04
9.255068405021398773e-04
5.138858669737288686e-04
7.474141997360553421e-04
5.462216847295479644e-04
7.530551416467110492e-04
5.520019693478076320e-04
6.320630115505942309e-04
6.621467574339024494e-04
6.763745000112645830e-04
7.978078349996100237e-04
8.504433906025123460e-04
8.353812180311502664e-04
7.114427675700862224e-04
7.033664265492168199e-04
6.202350722765388258e-04
6.583007611602714314e-04
6.377288623739963812e-04
5.749100437145411926e-04
7.362900706921768432e-04
4.762738902608638198e-04
6.310578749301736391e-04
6.387235011833048218e-04
7.903465423698330036e-04
4.713614168849783632e-04
6.106077794550762109e-04
6.872369096272566875e-04
4.673037108249811461e-04
7.927524734827245739e-04
5.671281115856696003e-04
8.454524825358697773e-04
6.810510330074774025e-04
6.133738537698347343e-04
6.900024616847697315e-04
6.387235011832763073e-04
7.462808947630910836e-04
7.653188742126447322e-04
4.549134825652286483e-04
7.405883563052945455e-04
3.539323294401602090e-04
6.032864965486776877e-04
5.523851710387924678e-04
5.749100437145463968e-04
5.778470234597369052e-04
5.804046895562982051e-04
5.704762239811578305e-04
5.675010995323560847e-04
6.912280442876598055e-04
6.270212159690824200e-04
7.884701870700011909e-04
5.301007499167177369e-04
3.685758664301561375e-04
6.185269030394115793e-04
5.285016489885137683e-04
6.634238015468822604e-04
5.446699154443080445e-04
4.015474448867351813e-04
7.313881437824000737e-04
5.730667877878755203e-04
6.726098631669119804e-04
4.119519521600879439e-04
3.497222793664045860e-04
5.962302713922848409e-04
7.938194355718908085e-04
6.443307863964657742e-04
5.749100437145423853e-04
5.301007499166980044e-04
6.293790800567145190e-04
7.752085448021663744e-04
4.820149974844936680e-04
7.488284189755707023e-04
6.700883552726939665e-04
8.554051794400922880e-04
8.454524825358724878e-04
5.976481812933025217e-04
6.521648831165466863e-04
8.454524825358784509e-04
6.838416020816720899e-04
6.810510330074868350e-04
4.525817732976999855e-04
6.036371426094022273e-04
5.504664949705762424e-04
3.770891335080097631e-04
6.174997333801017421e-04
7.114427675700805845e-04
9.701564388028675358e-04
9.447407943390331462e-04
5.760131660152323797e-04
7.631037642868298979e-04
7.069673020958496066e-04
6.310578749301891431e-04
7.924855085068366811e-04
9.483176771541745919e-04
7.903465423698312689e-04
6.253315841831109771e-04
7.589330074345455391e-04
6.239765845753225465e-04
6.912280442876524329e-04
6.018818695053570035e-04
8.521833029091806580e-04
9.116856534112446767e-04
8.554051794401162489e-04
7.956831765403712346e-04
5.348693684427158895e-04
7.232419597303858848e-04
6.518403422240183227e-04
7.924855085068367895e-04
8.814764569277409390e-04
5.822247150004184650e-04
6.337346965953182670e-04
7.255787734436690804e-04
8.967082788604302654e-04
7.405883563052914013e-04
5.730667877878835434e-04
7.631037642868339094e-04
9.291577692356348334e-04
7.653188742126320471e-04
6.337346965953222786e-04
7.991328779903285849e-04
7.069673020958553529e-04
5.384181167785432503e-04
6.810510330074929066e-04
6.760615809568013739e-04
7.420155851418039914e-04
9.300682621236199422e-04
7.519303387162119172e-04
7.138182091297076530e-04
8.371524356871155870e-04
6.310578749301717959e-04
1.166628008949406169e-03
8.874575029879952460e-04
1.052991885790547982e-03
9.552097729886095852e-04
1.060999543980888950e-03
9.035256636905009608e-04
9.060981504030249248e-04
9.236759646428283933e-04
1.090310635671669316e-03
9.190828185018976547e-04
1.223984758744583881e-03
8.421925320081883335e-04
1.062792952321699701e-03
1.108021642418857526e-03
9.651268550290083856e-04
9.569803208897850830e-04
7.476972575760658032e-04
9.202332543240114050e-04
9.910873869941011320e-04
9.831559880969873572e-04
9.563167495716463126e-04
8.166810632083581264e-04
7.938194355718742202e-04
9.736399560748057978e-04
7.667000680347142976e-04
