7.885208804772680935e-01
7.885208804772680935e-01
4.800658300761159181e-01
1.507714462044846826e-01
9.234725365151204290e-02
7.368854145237604958e-02
6.755811561407117083e-02
6.253857231022423580e-02
5.961736268257559340e-02
5.505040115202632783e-02
5.198518823287388152e-02
4.865254062950009895e-02
4.531989302612630249e-02
4.223410820818761235e-02
3.918946718782144456e-02
3.729685249948570813e-02
3.626825756017282298e-02
3.322361653980662050e-02
3.147500514297468799e-02
3.054926969759308442e-02
2.894466159226497665e-02
2.789549475416579563e-02
2.734005348693683418e-02
2.633203044641019286e-02
2.585887677432627957e-02
2.522114791195229078e-02
2.472742234108209550e-02
2.417198107385313405e-02
2.367825550298292489e-02
2.355482411026538214e-02
2.345196461633408669e-02
2.252622917095249352e-02
2.232051018308991303e-02
2.213536309401357288e-02
2.153877802921211337e-02
2.102448055955563611e-02
2.104505245834189381e-02
2.071590207776179485e-02
2.048961119111293236e-02
2.018103270931907028e-02
2.055132688747172282e-02
1.964616334087637695e-02
1.983131042995268586e-02
1.983131042995268586e-02
1.944044435301377563e-02
1.974902283480765158e-02
1.921415346636494784e-02
1.888500308578482459e-02
1.832956181855584926e-02
1.859699650277722022e-02
1.874099979428101026e-02
1.845299321127339548e-02
1.880271549063979725e-02
1.814441472947954034e-02
1.810327093190702147e-02
1.785640814647192556e-02
1.797983953918947872e-02
1.765068915860934506e-02
1.769183295618186394e-02
1.767126105739560277e-02
1.750668586710555502e-02
1.758897346225056849e-02
1.754782966467806002e-02
1.719810738531165478e-02
1.697181649866284087e-02
1.693067270109032199e-02
1.670438181444149420e-02
1.693067270109029770e-02
1.686895700473154541e-02
1.651923472536517140e-02
1.623122814235754621e-02
1.693067270109032199e-02
1.649866282657891370e-02
1.649866282657889288e-02
1.647809092779264212e-02
1.643694713022012671e-02
1.662209421929643563e-02
1.604608105328122342e-02
1.629294383871632279e-02
1.653980662415140829e-02
1.649866282657887900e-02
1.588150586299114098e-02
1.555235548241102814e-02
1.573750257148736134e-02
1.569635877391484247e-02
1.606665295206747418e-02
1.600493725570869413e-02
1.623122814235755662e-02
1.588150586299116179e-02
1.563464307755605548e-02
1.571693067270108976e-02
1.555235548241104028e-02
1.534663649454844937e-02
1.565521497634230277e-02
1.547006788726600426e-02
1.584036206541864639e-02
1.544949598847972227e-02
1.509977370911336214e-02
1.528492079818966065e-02
1.536720839333469667e-02
1.518206130425837561e-02
1.540835219090722595e-02
1.544949598847974483e-02
1.534663649454843723e-02
1.514091750668585847e-02
1.526434889940342376e-02
1.549063978605225156e-02
1.503805801275458556e-02
1.505862991154083286e-02
1.524377700061715392e-02
1.530549269697594264e-02
1.522320510183091703e-02
1.509977370911335173e-02
1.514091750668586887e-02
1.512034560789960944e-02
1.509977370911336214e-02
1.487348282246451180e-02
1.493519851882329011e-02
1.487348282246452394e-02
1.499691421518205628e-02
1.489405472125077123e-02
1.472947953096072002e-02
1.499691421518205628e-02
1.477062332853322849e-02
1.495577041760954781e-02
1.509977370911335173e-02
1.472947953096070961e-02
1.509977370911336214e-02
1.479119522731948619e-02
1.524377700061714178e-02
1.495577041760954781e-02
1.483233902489200506e-02
1.477062332853323889e-02
1.489405472125077123e-02
1.481176712610574563e-02
1.489405472125078164e-02
1.448261674552561197e-02
1.503805801275458556e-02
1.483233902489199466e-02
1.462662003702942456e-02
1.528492079818967106e-02
1.470890763217446232e-02
1.489405472125079379e-02
1.493519851882329011e-02
1.481176712610572307e-02
1.470890763217445017e-02
1.481176712610574563e-02
1.501748611396832613e-02
1.493519851882330052e-02
1.485291092367825236e-02
1.475005142974696905e-02
1.489405472125078164e-02
1.458547623945689528e-02
1.479119522731947578e-02
1.477062332853322849e-02
1.479119522731947578e-02
1.503805801275459597e-02
1.448261674552561197e-02
1.495577041760954781e-02
1.475005142974695690e-02
1.495577041760954781e-02
1.485291092367827491e-02
1.495577041760955996e-02
1.452376054309812911e-02
1.477062332853322849e-02
1.491462662003704108e-02
1.487348282246451180e-02
1.456490434067064799e-02
1.444147294795310524e-02
1.491462662003701853e-02
1.481176712610572307e-02
1.458547623945690742e-02
1.485291092367825236e-02
1.479119522731949833e-02
1.491462662003703067e-02
1.452376054309812911e-02
1.456490434067065839e-02
1.472947953096069920e-02
1.503805801275459597e-02
1.444147294795308269e-02
1.464719193581569615e-02
1.460604813824316686e-02
1.454433244188438855e-02
1.475005142974696905e-02
1.437975725159432693e-02
1.485291092367826450e-02
1.462662003702941416e-02
1.433861345402182019e-02
1.442090104916682325e-02
1.458547623945690742e-02
1.462662003702941416e-02
1.448261674552562238e-02
1.475005142974699160e-02
1.411232256737298199e-02
1.440032915038058636e-02
1.440032915038058636e-02
1.433861345402179764e-02
1.454433244188440069e-02
1.452376054309814125e-02
1.435918535280807963e-02
1.462662003702943671e-02
1.425632585887677203e-02
1.458547623945691783e-02
1.460604813824318768e-02
1.437975725159432693e-02
1.446204484673935253e-02
1.454433244188437814e-02
1.448261674552561197e-02
1.477062332853322849e-02
1.460604813824317727e-02
1.417403826373173602e-02
1.429746965644929091e-02
1.446204484673935253e-02
1.462662003702941416e-02
1.421518206130426530e-02
1.411232256737295944e-02
1.450318864431187141e-02
1.437975725159433907e-02
1.429746965644930132e-02
1.415346636494549913e-02
1.452376054309814125e-02
1.425632585887678418e-02
1.456490434067064799e-02
1.423575396009051433e-02
1.413289446615921888e-02
1.415346636494546617e-02
1.407117876980043016e-02
1.421518206130425489e-02
1.431804155523556076e-02
1.423575396009051433e-02
1.425632585887675122e-02
1.454433244188438855e-02
1.427689775766302106e-02
1.409175066858671041e-02
1.394774737708288567e-02
1.431804155523555035e-02
1.405060687101421582e-02
1.398889117465539414e-02
1.417403826373173602e-02
1.444147294795308269e-02
1.394774737708290822e-02
1.431804155523553820e-02
1.442090104916682325e-02
1.403003497222792342e-02
1.415346636494548872e-02
1.382431598436535333e-02
1.390660357951039108e-02
1.411232256737296985e-02
1.374202838922032946e-02
1.405060687101419327e-02
1.380374408557910604e-02
1.386545978193787221e-02
1.398889117465541496e-02
1.374202838922031732e-02
1.394774737708289782e-02
1.374202838922031732e-02
1.419461016251801801e-02
1.407117876980045271e-02
1.400946307344168654e-02
1.355688130014400840e-02
1.384488788315161277e-02
1.368031269286154074e-02
1.394774737708289782e-02
1.398889117465542710e-02
1.405060687101420368e-02
1.407117876980045271e-02
1.403003497222793383e-02
1.390660357951039108e-02
1.382431598436536548e-02
1.372145649043407002e-02
1.403003497222794424e-02
1.405060687101418113e-02
1.398889117465543751e-02
1.394774737708290822e-02
1.357745319893026784e-02
1.380374408557912859e-02
1.378317218679283619e-02
1.394774737708292037e-02
1.376260028800657675e-02
1.382431598436538803e-02
1.378317218679284660e-02
1.382431598436535333e-02
1.380374408557909563e-02
1.384488788315162491e-02
1.384488788315162491e-02
1.365974079407529171e-02
1.384488788315162491e-02
1.363916889528904441e-02
1.363916889528902186e-02
1.370088459164781058e-02
1.372145649043404747e-02
1.361859699650278498e-02
1.376260028800657675e-02
1.357745319893025569e-02
1.376260028800657675e-02
