7.869368442707262989e-01
7.885208804772680935e-01
6.881917300966879925e-01
3.351162312281423250e-01
1.252211479119522686e-01
8.006583007611603464e-02
6.889528903517792846e-02
5.877391483233902758e-02
5.091544949598848790e-02
4.608105328121786526e-02
4.186381403003498758e-02
3.725570870191319273e-02
3.344990742645546217e-02
3.137214564904341335e-02
2.935609956799011336e-02
2.838922032503599091e-02
2.684632791606664931e-02
2.559144209010492249e-02
2.480970993622712978e-02
2.441884385928820914e-02
2.365768360419666719e-02
2.349310841390659516e-02
2.289652334910512524e-02
2.267023246245627316e-02
2.197078790372351126e-02
2.143591853528079710e-02
2.114791195227318926e-02
2.079818967290681872e-02
2.081876157169305561e-02
1.997531372145648978e-02
2.013988891174655141e-02
2.026332030446409416e-02
1.995474182267024249e-02
1.974902283480766199e-02
1.981073853116642816e-02
1.931701296029624329e-02
1.915243777000618167e-02
1.909072207364740509e-02
1.855585270520467706e-02
1.876157169306726796e-02
1.869985599670850179e-02
1.843242131248712390e-02
1.847356511005966359e-02
1.826784612219708309e-02
1.824727422341081498e-02
1.795926764040318632e-02
1.787698004525817286e-02
1.802098333676197678e-02
1.787698004525817286e-02
1.767126105739559236e-02
1.773297675375435853e-02
1.779469245011316980e-02
1.783583624768566439e-02
1.701296029623535627e-02
1.688952890351781352e-02
1.725982308167045565e-02
1.699238839744908816e-02
1.725982308167044524e-02
1.709524789138038361e-02
1.730096687924293983e-02
1.705410409380786474e-02
1.695124459987657969e-02
1.703353219502159316e-02
1.705410409380787515e-02
1.688952890351780312e-02
1.680724130837276536e-02
1.701296029623533546e-02
1.666323801686896491e-02
1.686895700473154541e-02
1.662209421929644604e-02
1.666323801686896491e-02
1.697181649866281658e-02
1.699238839744907775e-02
1.686895700473152113e-02
1.693067270109032199e-02
1.660152232051019874e-02
1.680724130837277924e-02
1.699238839744908816e-02
1.670438181444146991e-02
1.678666940958650766e-02
1.656037852293765905e-02
1.656037852293766946e-02
1.666323801686895451e-02
1.678666940958650766e-02
1.674552561201399919e-02
1.641637523143387595e-02
1.656037852293766946e-02
1.668380991565522262e-02
1.645751902900637401e-02
1.629294383871630197e-02
1.649866282657889288e-02
1.631351573750258049e-02
1.635465953507507855e-02
1.619008434478502734e-02
1.645751902900638441e-02
1.619008434478503775e-02
1.653980662415142217e-02
1.614894054721249805e-02
1.649866282657889288e-02
1.604608105328122342e-02
1.616951244599878004e-02
1.614894054721250846e-02
1.619008434478502734e-02
1.621065624357127463e-02
1.596379345813618914e-02
1.635465953507508896e-02
1.579921826784612751e-02
1.588150586299115138e-02
1.596379345813618914e-02
1.588150586299115138e-02
1.610779674963998959e-02
1.606665295206747418e-02
1.602550915449496571e-02
1.616951244599878004e-02
1.567578687512855007e-02
1.633408763628881738e-02
1.594322155934992796e-02
1.602550915449496571e-02
1.586093396420491450e-02
1.631351573750258049e-02
1.553178358362477043e-02
1.600493725570868372e-02
1.563464307755607630e-02
1.581979016663237481e-02
1.573750257148735093e-02
1.573750257148733706e-02
1.596379345813618914e-02
1.579921826784611710e-02
1.559349927998353660e-02
1.588150586299115138e-02
1.619008434478503775e-02
1.588150586299117567e-02
1.573750257148732665e-02
1.590207776177741256e-02
1.584036206541862210e-02
1.575807447027361904e-02
1.567578687512857089e-02
1.547006788726600426e-02
1.561407117876981686e-02
1.555235548241102814e-02
1.565521497634231318e-02
1.577864636905989063e-02
1.536720839333469667e-02
1.565521497634230277e-02
1.524377700061716433e-02
1.522320510183089448e-02
1.555235548241101773e-02
1.559349927998354701e-02
1.528492079818967106e-02
1.532606459576220034e-02
1.532606459576220034e-02
1.509977370911336214e-02
1.526434889940341336e-02
1.534663649454844937e-02
1.547006788726600426e-02
1.526434889940340121e-02
1.536720839333470881e-02
1.540835219090723809e-02
1.534663649454845978e-02
1.542892408969348539e-02
1.512034560789962158e-02
1.501748611396832613e-02
1.544949598847973268e-02
1.538778029212095610e-02
1.522320510183089448e-02
1.520263320304464719e-02
1.522320510183090489e-02
1.509977370911336214e-02
1.503805801275457342e-02
1.514091750668589142e-02
1.507920181032710270e-02
1.536720839333469667e-02
1.547006788726600426e-02
1.524377700061714178e-02
1.534663649454845978e-02
1.518206130425838775e-02
1.514091750668585847e-02
1.536720839333469667e-02
1.514091750668586887e-02
1.540835219090723809e-02
1.512034560789960944e-02
1.509977370911336214e-02
1.528492079818966065e-02
1.516148940547212831e-02
1.514091750668585847e-02
1.518206130425839816e-02
1.524377700061718688e-02
1.501748611396832613e-02
1.536720839333470881e-02
1.524377700061715392e-02
1.536720839333474177e-02
1.553178358362477043e-02
1.499691421518205628e-02
1.509977370911335173e-02
1.544949598847972227e-02
1.512034560789960944e-02
1.522320510183090489e-02
1.522320510183090489e-02
1.509977370911336214e-02
1.538778029212095610e-02
1.542892408969348539e-02
1.505862991154084327e-02
1.516148940547213872e-02
1.522320510183089448e-02
1.528492079818967106e-02
1.534663649454843723e-02
1.542892408969347498e-02
1.559349927998354701e-02
1.536720839333470881e-02
1.516148940547212831e-02
1.542892408969347498e-02
1.520263320304464719e-02
1.499691421518207710e-02
1.481176712610574563e-02
1.542892408969350794e-02
1.499691421518206669e-02
1.489405472125077123e-02
1.483233902489200506e-02
1.514091750668586887e-02
1.507920181032708015e-02
1.538778029212095610e-02
1.507920181032709230e-02
1.505862991154083286e-02
1.524377700061714178e-02
1.540835219090722595e-02
1.501748611396831398e-02
1.497634231639582980e-02
1.509977370911337255e-02
1.509977370911335173e-02
1.518206130425838775e-02
1.544949598847973268e-02
1.512034560789960944e-02
1.526434889940341336e-02
1.497634231639578470e-02
1.493519851882327797e-02
1.501748611396833653e-02
1.481176712610573522e-02
1.497634231639580725e-02
1.509977370911338469e-02
1.497634231639580725e-02
1.497634231639580725e-02
1.503805801275458556e-02
1.516148940547212831e-02
1.501748611396834868e-02
1.493519851882327797e-02
1.489405472125079379e-02
1.505862991154084327e-02
1.518206130425839816e-02
1.509977370911335173e-02
1.499691421518206669e-02
1.468833573338820288e-02
1.497634231639580725e-02
1.520263320304465759e-02
1.503805801275457342e-02
1.514091750668588102e-02
1.468833573338821329e-02
1.483233902489198251e-02
1.472947953096072002e-02
1.487348282246452394e-02
1.503805801275459597e-02
1.518206130425837561e-02
1.516148940547212831e-02
1.503805801275456301e-02
1.507920181032712525e-02
1.514091750668588102e-02
1.499691421518207710e-02
1.503805801275458556e-02
1.509977370911335173e-02
1.520263320304464719e-02
1.522320510183090489e-02
1.501748611396833653e-02
1.520263320304462464e-02
1.518206130425837561e-02
1.514091750668586887e-02
1.520263320304464719e-02
1.518206130425839816e-02
1.503805801275459597e-02
1.501748611396831398e-02
1.503805801275458556e-02
1.466776383460194344e-02
1.501748611396833653e-02
1.505862991154084327e-02
1.516148940547215086e-02
1.503805801275457342e-02
1.495577041760955996e-02
1.520263320304464719e-02
1.551121168483853355e-02
1.518206130425837561e-02
1.516148940547212831e-02
1.530549269697593050e-02
1.532606459576218993e-02
1.505862991154085541e-02
1.524377700061715392e-02
1.497634231639579684e-02
1.475005142974695690e-02
