7.670232462456285649e-01
4.284715079201809607e-01
1.327093190701501835e-01
7.770006171569635023e-02
6.675581156140711347e-02
6.605636700267432382e-02
5.702530343550710201e-02
5.219090722073647243e-02
4.803538366591236786e-02
4.457930466982100437e-02
4.322155934992800985e-02
3.964204896111911403e-02
3.809915655214973773e-02
3.526023451964617472e-02
3.404649249125694249e-02
3.270931907015019180e-02
3.131042995268464024e-02
3.085784817938696037e-02
2.880065830076116232e-02
2.853322361653979483e-02
2.740176918329563158e-02
2.723719399300553873e-02
2.705204690392924022e-02
2.637317424398273255e-02
2.600288006583006961e-02
2.460399094836453887e-02
2.452170335321951500e-02
2.480970993622714366e-02
2.415140917506687288e-02
2.386340259205924769e-02
2.394569018720429238e-02
2.304052664060892569e-02
2.248508537337996424e-02
2.217650689158610217e-02
2.240279777823492996e-02
2.178564081464719887e-02
2.232051018308989221e-02
2.153877802921210297e-02
2.120962764863199013e-02
2.199135980250976896e-02
2.092162106562436147e-02
2.051018308989920394e-02
2.108619625591441268e-02
2.038675169718164731e-02
2.024274840567783645e-02
1.985188232873893316e-02
1.983131042995269627e-02
1.970787903723513271e-02
1.987245422752519433e-02
1.964616334087635613e-02
1.944044435301378604e-02
1.921415346636496865e-02
1.923472536515120554e-02
1.913186587121992049e-02
1.919358156757871095e-02
1.935815675786874829e-02
1.876157169306728184e-02
1.869985599670851567e-02
1.886443118699857729e-02
1.855585270520469093e-02
1.851470890763218247e-02
1.820613042583830651e-02
1.824727422341082539e-02
1.812384283069328264e-02
1.779469245011315939e-02
1.818555852705203840e-02
1.824727422341081498e-02
1.789755194404443056e-02
1.779469245011315939e-02
1.750668586710553074e-02
1.777412055132688781e-02
1.783583624768566439e-02
1.787698004525818327e-02
1.736268257560173028e-02
1.715696358773917060e-02
1.742439827196049645e-02
1.756840156346430731e-02
1.765068915860934506e-02
1.732153877802921141e-02
1.730096687924296411e-02
1.688952890351779271e-02
1.695124459987656929e-02
1.713639168895288861e-02
1.707467599259410163e-02
1.703353219502159316e-02
1.701296029623533546e-02
1.688952890351778230e-02
1.699238839744908816e-02
1.709524789138038361e-02
1.621065624357127463e-02
1.666323801686895451e-02
1.647809092779264212e-02
1.664266611808270374e-02
1.686895700473154541e-02
1.684838510594528424e-02
1.649866282657890329e-02
1.637523143386133626e-02
1.658095042172391675e-02
1.639580333264759743e-02
1.629294383871631238e-02
1.614894054721251887e-02
1.621065624357128504e-02
1.586093396420489368e-02
1.586093396420488327e-02
1.602550915449495531e-02
1.608722485085372148e-02
1.623122814235753580e-02
1.579921826784612751e-02
1.616951244599876963e-02
1.645751902900638441e-02
1.596379345813618914e-02
1.600493725570870801e-02
1.600493725570870801e-02
1.625180004114379351e-02
1.573750257148735093e-02
1.586093396420489368e-02
1.586093396420489368e-02
1.614894054721249805e-02
1.584036206541862210e-02
1.569635877391480777e-02
1.586093396420488327e-02
1.563464307755605548e-02
1.610779674963998959e-02
1.569635877391484247e-02
1.596379345813617873e-02
1.577864636905986634e-02
1.586093396420489368e-02
1.561407117876978390e-02
1.592264966056365985e-02
1.557292738119727717e-02
1.588150586299114098e-02
1.551121168483851100e-02
1.553178358362478084e-02
1.544949598847973268e-02
1.530549269697592009e-02
1.598436535692243643e-02
1.559349927998356956e-02
1.561407117876980645e-02
1.559349927998353660e-02
1.549063978605225156e-02
1.547006788726598171e-02
1.551121168483851100e-02
1.569635877391482165e-02
1.584036206541864639e-02
1.518206130425839816e-02
1.551121168483852140e-02
1.559349927998354701e-02
1.522320510183091703e-02
1.538778029212097866e-02
1.522320510183090489e-02
1.542892408969348539e-02
1.571693067270106894e-02
1.532606459576216738e-02
1.536720839333469667e-02
1.549063978605224115e-02
1.528492079818968320e-02
1.544949598847973268e-02
1.505862991154083286e-02
1.499691421518206669e-02
1.512034560789959903e-02
1.505862991154085541e-02
1.503805801275457342e-02
1.505862991154084327e-02
1.526434889940342376e-02
1.501748611396832613e-02
1.516148940547213872e-02
1.522320510183090489e-02
1.532606459576217953e-02
1.487348282246453435e-02
1.497634231639581939e-02
1.491462662003701853e-02
1.491462662003703067e-02
1.505862991154084327e-02
1.516148940547213872e-02
1.524377700061716433e-02
1.503805801275456301e-02
1.493519851882327797e-02
1.514091750668585847e-02
1.520263320304464719e-02
1.499691421518205628e-02
1.489405472125076083e-02
1.516148940547212831e-02
1.489405472125076083e-02
1.503805801275457342e-02
1.524377700061716433e-02
1.530549269697595305e-02
1.509977370911333959e-02
1.483233902489200506e-02
1.487348282246452394e-02
1.495577041760953740e-02
1.538778029212096651e-02
1.487348282246451180e-02
1.518206130425838775e-02
1.495577041760952700e-02
1.499691421518205628e-02
1.462662003702943671e-02
1.497634231639579684e-02
1.481176712610575777e-02
1.489405472125077123e-02
1.440032915038057595e-02
1.481176712610573522e-02
1.464719193581568400e-02
1.450318864431187141e-02
1.485291092367825236e-02
1.454433244188438855e-02
1.475005142974696905e-02
1.442090104916684580e-02
1.501748611396832613e-02
1.470890763217446232e-02
1.454433244188437814e-02
1.462662003702942456e-02
1.440032915038057595e-02
1.470890763217445017e-02
1.444147294795309310e-02
1.460604813824316686e-02
1.475005142974695690e-02
1.479119522731946537e-02
1.479119522731949833e-02
1.489405472125078164e-02
1.475005142974697946e-02
1.485291092367826450e-02
1.485291092367828705e-02
1.489405472125079379e-02
1.450318864431188182e-02
1.460604813824316686e-02
1.468833573338819073e-02
1.456490434067065839e-02
1.458547623945688487e-02
1.479119522731949833e-02
1.454433244188438855e-02
1.481176712610575777e-02
1.464719193581567359e-02
1.448261674552561197e-02
1.468833573338821329e-02
1.483233902489201547e-02
1.442090104916684580e-02
1.472947953096070961e-02
1.468833573338819073e-02
1.475005142974696905e-02
1.460604813824315472e-02
1.444147294795309310e-02
1.475005142974697946e-02
1.477062332853323889e-02
1.466776383460194344e-02
1.497634231639581939e-02
1.454433244188438855e-02
1.479119522731948619e-02
1.493519851882327797e-02
1.491462662003704108e-02
1.475005142974696905e-02
1.475005142974699160e-02
1.479119522731949833e-02
1.485291092367825236e-02
1.481176712610574563e-02
1.475005142974695690e-02
1.477062332853323889e-02
1.481176712610574563e-02
1.487348282246451180e-02
1.483233902489200506e-02
1.489405472125078164e-02
1.452376054309811870e-02
1.454433244188438855e-02
1.479119522731947578e-02
1.464719193581569615e-02
1.483233902489200506e-02
1.450318864431187141e-02
1.442090104916683366e-02
1.452376054309812911e-02
1.489405472125077123e-02
1.466776383460193303e-02
1.472947953096070961e-02
1.464719193581567359e-02
1.456490434067064799e-02
1.483233902489200506e-02
1.477062332853323889e-02
1.458547623945690742e-02
1.444147294795310524e-02
1.444147294795310524e-02
1.454433244188440069e-02
1.464719193581568400e-02
1.466776383460194344e-02
1.470890763217446232e-02
1.470890763217446232e-02
1.431804155523555035e-02
1.431804155523553820e-02
1.466776383460194344e-02
1.454433244188437814e-02
1.446204484673935253e-02
1.481176712610576818e-02
1.415346636494548872e-02
1.472947953096072002e-02
1.444147294795310524e-02
1.437975725159431652e-02
1.437975725159430437e-02
1.458547623945691783e-02
