4.098852102345671572e-02
7.096224527101149815e-02
2.914050671933355111e-02
7.138211734848826096e-03
1.651527614599979273e-03
8.482734596332584462e-03
5.272830888656926743e-03
3.640761153817687491e-03
3.911096156583963000e-03
2.049047866245770448e-03
6.355651424100981252e-03
1.876558639289217009e-03
2.236194732228129634e-03
1.867855908301362155e-03
2.482730750911842955e-03
1.840006564492740462e-03
2.411040579960275262e-03
2.093891898786187037e-03
1.028594939312903363e-03
1.284879363886210282e-03
1.140952447962315444e-03
1.793888447364051396e-03
1.638665054188653651e-03
7.114427675700508774e-04
9.657843731170893302e-04
1.207274285218784072e-03
1.345219726333826997e-03
1.268804274438117743e-03
1.065775259986713507e-03
8.679293606142429252e-04
1.272135349412904836e-03
8.531759454156706253e-04
5.749100437145805492e-04
1.137237190790805173e-03
1.487591539995139879e-03
8.941087764698984813e-04
1.013048529293997854e-03
6.948918228370450263e-04
6.850782063504111397e-04
2.447018497138857013e-03
9.518811192149069511e-04
7.700048250241888544e-04
1.116392804049786292e-03
1.165357666181325276e-03
1.127520230902688807e-03
1.085642855540731302e-03
5.535331844095198140e-04
4.673037108249400548e-04
6.387235011832985334e-04
7.600474471059940696e-04
8.978873829580482930e-04
7.078646588802908193e-04
9.527698972976355110e-04
7.752085448021721207e-04
4.320098745114070459e-04
7.611602550915369612e-04
5.427239645452847355e-04
6.403777994764134817e-04
6.036371426094060220e-04
6.226186361004674595e-04
6.945872460865670133e-04
5.539153267984588298e-04
6.948918228370639999e-04
7.385856025927330266e-04
8.593539837155096412e-04
7.138182091297019067e-04
6.174997333801053199e-04
8.072996037995586746e-04
8.138259800391853390e-04
6.202350722765293933e-04
7.871271948039157158e-04
7.129283460672033654e-04
6.599059836389766041e-04
7.428706062648632574e-04
5.138858669737334222e-04
6.106077794550736088e-04
8.391721067422624981e-04
6.293790800567007496e-04
6.994445587327665628e-04
6.662882016334661234e-04
7.093577309017325616e-04
7.871271948039111621e-04
7.970117518128150497e-04
6.697724993252149751e-04
7.575376523152390100e-04
6.948918228370426411e-04
8.749710067120665532e-04
9.391246418854699634e-04
7.033664265492123747e-04
4.093756169951343624e-04
6.307224734316332080e-04
4.731536720839591521e-04
5.320928679850993369e-04
8.280029540217402877e-04
6.534614348598438097e-04
3.656940718912187393e-04
6.896957257453084026e-04
8.881725219059078205e-04
7.476972575760828252e-04
4.488258430214486284e-04
7.021620310996152777e-04
5.427239645452847355e-04
9.035256636904964072e-04
7.776613113118950116e-04
7.991328779903277175e-04
7.232419597303838248e-04
6.064350122602130307e-04
1.110882534457928320e-03
6.646983921581536316e-04
5.122361488578239686e-04
9.391246418854748423e-04
6.492381747813052127e-04
6.492381747813016349e-04
7.914167480630050679e-04
5.908828066794920156e-04
6.599059836389922166e-04
4.992660398893876373e-04
8.343674054998348032e-04
4.954369298001487986e-04
3.448478628726611944e-04
5.399878522282153172e-04
6.505405595902825477e-04
7.305196833805880155e-04
5.965850648014706754e-04
5.301007499166936676e-04
4.958638466650359651e-04
8.302997766143062298e-04
7.667000680347441132e-04
5.220562658074408540e-04
5.208388768225419036e-04
3.160315057752916402e-04
4.885555271358809530e-04
5.980021334601218989e-04
6.133738537698150018e-04
6.320630115505804615e-04
6.763745000112743409e-04
6.933676011665307988e-04
5.923135177489267586e-04
6.621467574339060273e-04
5.965850648014706754e-04
5.348693684426953981e-04
4.798150088331623099e-04
4.119519521600569357e-04
6.945872460865736269e-04
6.226186361004462091e-04
6.320630115505826300e-04
5.022240533113906833e-04
6.634238015468787910e-04
6.557242316605230116e-04
4.412180742548111787e-04
5.745418656148419852e-04
4.885555271359005771e-04
7.374387298471458095e-04
5.208388768225345310e-04
2.916570022373324604e-04
5.822247150003968894e-04
7.722001390299709257e-04
5.804046895562841105e-04
6.912280442876480961e-04
7.021620310995974968e-04
5.427239645452729177e-04
5.851249805936009109e-04
5.188035471268490073e-04
5.804046895562880136e-04
4.507077206378495306e-04
5.675010995323311481e-04
6.032864965486549194e-04
8.086090930686462780e-04
5.208388768225612024e-04
5.876509712851547352e-04
6.713502930294465475e-04
5.689906062924976644e-04
6.088726018082159935e-04
6.106077794550807646e-04
4.992660398893721332e-04
6.973236476724221141e-04
7.197225132497505392e-04
5.686185953953890341e-04
6.788726599465014873e-04
7.667000680347303438e-04
7.138182091296973531e-04
6.637426786628862398e-04
7.371517328602708585e-04
9.842315337507353580e-04
6.270212159690587844e-04
7.018606093080426113e-04
6.320630115505862078e-04
6.599059836389901566e-04
5.208388768225538298e-04
8.023040526640584386e-04
9.771110542717955164e-04
1.041068169420296180e-03
5.804046895562857368e-04
8.282584710634596260e-04
5.240789632938320499e-04
6.534614348598408824e-04
6.360676747064402748e-04
6.102611386213329086e-04
5.905245873033158292e-04
4.780477283942523021e-04
7.642121218270574558e-04
5.268976949132231228e-04
7.258703461994605796e-04
6.018818695053502815e-04
8.231330600182329860e-04
5.675010995323443753e-04
8.454524825358809446e-04
5.596161492999502003e-04
4.436095176475647064e-04
8.484505503929881806e-04
6.337346965953053650e-04
6.373969711923467389e-04
7.374387298471536158e-04
6.157839764285598155e-04
5.442812818483054116e-04
5.749100437145371811e-04
7.722001390299709257e-04
4.820149974844789771e-04
5.535331844095339087e-04
5.894486229950574637e-04
5.804046895562982051e-04
5.105811004316614370e-04
4.236013224022611504e-04
7.488284189755737381e-04
7.066679299451986617e-04
6.116465232387846345e-04
5.948089814770881343e-04
6.662882016334670992e-04
4.057412656514348135e-04
5.126490760904063321e-04
4.600016411231875550e-04
7.741159317929250695e-04
5.686185953954147297e-04
5.380249673163024814e-04
3.843147848646283338e-04
7.938194355718880980e-04
5.535331844095314150e-04
6.253315841831212770e-04
8.282584710634455314e-04
7.586541417233478917e-04
7.686295697292679432e-04
4.872544448601955091e-04
8.062504810642196016e-04
6.826027575822774364e-04
1.048157926587697276e-03
5.822247150004105504e-04
6.469526925947863272e-04
8.391721067422841822e-04
6.900024616847747188e-04
4.958638466650382420e-04
4.320098745114408730e-04
5.923135177489479005e-04
7.795636832543270753e-04
5.039065506651218282e-04
6.243156101828173203e-04
6.426866633126078086e-04
5.364494881878288527e-04
4.958638466650267494e-04
6.850782063504212227e-04
6.583007611602553853e-04
6.958047531490566375e-04
7.362900706921910463e-04
7.776613113119060705e-04
4.673037108249810919e-04
5.240789632938476625e-04
6.119923793723031080e-04
5.399878522282204130e-04
7.255787734436578047e-04
6.185269030394021468e-04
5.894486229950338281e-04
5.905245873033273217e-04
8.421925320081850809e-04
8.521833029091896569e-04
7.152988541746068676e-04
6.810510330074948581e-04
6.788726599465328207e-04
4.488258430214485742e-04
5.804046895563321406e-04
5.523851710388102488e-04
6.293790800567312157e-04
6.887746983247684156e-04
5.689906062925096991e-04
5.384181167785411903e-04
6.046878607981842711e-04
4.709122872766749218e-04
5.523851710387949615e-04
8.127852814292817933e-04
7.916840734373035114e-04
4.507077206378900256e-04
7.519303387161796080e-04
7.485457888771867565e-04
4.673037108249810919e-04
6.064350122601862509e-04
6.270212159690638802e-04
2.974044907385671064e-04
