4.752108619625584028e-03
0.000000000000000000e+00
5.591350128873977948e-02
2.884368021339302549e-02
1.089885529606519909e-02
4.657434269671460736e-03
3.994816975633939081e-03
1.996746265385344540e-03
8.241606922036412994e-04
1.916612170146402222e-03
1.123948848356110886e-03
5.923135177489413953e-04
1.100932989941127982e-03
1.058003774583332873e-03
1.069145152041649531e-03
1.084667872986159153e-03
1.265631632608280998e-03
9.917276933300751829e-04
1.112405335082963234e-03
1.192637979068978749e-03
8.630395788275336622e-04
7.173666230883529293e-04
8.730341565078218562e-04
8.009842556647619582e-04
9.552097729886070915e-04
6.810510330074761014e-04
6.557242316605229032e-04
7.211910365339541801e-04
8.166810632083676674e-04
6.599059836389922166e-04
6.064350122601945992e-04
3.220011487862452421e-04
9.107567834263843995e-04
6.307224734316187881e-04
4.511769635766417811e-04
8.893629426544898261e-04
5.399878522282043668e-04
7.795636832543295690e-04
7.849736279917326250e-04
6.748084536867651794e-04
5.076717827300262055e-04
8.083473649203300150e-04
5.022240533114325335e-04
6.157839764285598155e-04
6.887746983247509600e-04
6.106077794550766446e-04
5.320928679850832907e-04
4.334768053014955943e-04
7.270354678902522664e-04
3.843147848645998193e-04
6.426866633126284084e-04
8.978873829580431972e-04
6.763745000112561263e-04
5.289018774812731050e-04
4.992660398893937089e-04
8.200424368646285584e-04
6.046878607981457819e-04
9.447407943390298936e-04
6.850782063504048513e-04
1.013883688981832452e-03
7.884701870700286212e-04
7.762996200005497496e-04
5.804046895562857368e-04
9.712463800956838136e-04
6.662882016334826032e-04
6.887746983247621272e-04
8.179755339259832609e-04
5.745418656148619345e-04
8.967082788604685377e-04
5.656337002619937467e-04
6.697724993252115056e-04
7.980730195955880110e-04
6.453152495929975665e-04
8.431969361003576521e-04
5.368437914297400585e-04
4.511769635766817339e-04
5.208388768225673824e-04
6.046878607981418787e-04
6.088726018082190293e-04
4.525817732976656163e-04
5.763804042839660398e-04
7.765721492769627572e-04
6.822926949918605355e-04
4.971423975969700010e-04
8.341137598318544870e-04
6.872369096272547360e-04
8.642646178810901554e-04
4.455134299055322090e-04
6.440022975724654392e-04
6.872369096272480139e-04
8.320818109918341580e-04
6.377288623740091748e-04
1.065973783833094575e-03
7.754814575178191598e-04
8.280029540217347583e-04
7.305196833805689335e-04
6.046878607981842711e-04
7.200164575190301204e-04
5.427239645452847355e-04
5.285016489884748455e-04
7.018606093080510680e-04
6.776247312076135983e-04
5.208388768225568656e-04
3.989039174998224675e-04
7.371517328602838690e-04
9.211525684936360155e-04
8.218467128343259548e-04
1.011166897958793017e-03
7.078646588802874583e-04
1.027771733947478771e-03
5.289018774812829712e-04
9.712463800956935714e-04
8.554051794400921796e-04
1.053795389826426730e-03
4.392955462674854846e-04
7.428706062648613058e-04
6.323977020752666670e-04
8.200424368646356058e-04
7.033664265492100979e-04
5.965850648014895405e-04
7.600474471059924433e-04
3.656940718912187393e-04
8.020402670075187004e-04
6.599059836389833261e-04
6.188689140708093436e-04
8.691475076847557987e-04
8.491984135177931513e-04
8.718214400500613314e-04
6.557242316605208432e-04
6.621467574339093883e-04
9.474247224579000239e-04
8.571350197901544043e-04
7.258703461994542912e-04
6.700883552726807392e-04
7.474141997360797367e-04
7.871271948039093190e-04
8.669536106029906465e-04
8.620582941681338273e-04
8.749710067120615659e-04
5.220562658074189531e-04
4.549134825652212215e-04
6.700883552726572120e-04
7.863202984413243538e-04
4.359107200250238894e-04
4.731536720839175187e-04
5.285016489884705087e-04
4.971423975969608937e-04
5.581016237914198600e-04
6.310578749301631223e-04
7.258703461994275115e-04
9.348338010698833186e-04
4.134900481843402798e-04
4.392955462674656979e-04
5.760131660152109125e-04
6.994445587327634186e-04
5.948089814770850985e-04
6.310578749301668086e-04
6.469526925947786293e-04
7.762996200005425939e-04
7.360026257970822636e-04
7.980730195955950583e-04
7.006536254238376936e-04
7.033664265492166031e-04
7.519303387161874143e-04
6.884674153746673944e-04
6.469526925947786293e-04
7.126314781192636099e-04
5.380249673162566196e-04
7.884701870700133340e-04
4.885555271358846393e-04
6.174997333801013084e-04
5.675010995323314733e-04
6.492381747812897086e-04
4.641231916345545127e-04
4.525817732976565632e-04
5.656337002619630638e-04
8.030948897734220071e-04
5.599941406630639523e-04
5.535331844095198140e-04
8.096551596031422793e-04
6.961087971894060374e-04
5.138858669737262665e-04
6.948918228370393885e-04
1.003815914318531826e-03
8.341137598318535112e-04
5.105811004316139490e-04
5.704762239811499158e-04
6.634238015468890909e-04
8.075616715239906452e-04
9.668792429541288444e-04
6.826027575822677870e-04
6.050376947069471345e-04
8.302997766143029772e-04
8.881725219059113984e-04
5.320928679850771108e-04
7.141145837362501605e-04
7.697299705356716072e-04
7.185455336997642996e-04
3.342537915916590427e-04
8.269800963687163383e-04
7.806486715083355878e-04
8.571350197901527780e-04
8.075616715239867420e-04
5.745418656148419852e-04
5.446699154442820236e-04
4.236013224022406589e-04
6.102611386213141519e-04
8.421925320081752146e-04
7.589330074345468401e-04
6.377288623739881413e-04
6.945872460865637607e-04
8.988295525592894172e-04
7.830843987111508727e-04
8.072996037995813345e-04
7.417303590750762201e-04
6.662882016334706770e-04
8.491984135178131006e-04
3.843147848646051318e-04
4.798150088331622556e-04
8.179755339259853208e-04
8.009842556647460204e-04
1.028800637732981077e-03
8.269800963687191572e-04
8.845916478090908768e-04
6.469526925947783041e-04
8.872190352951165107e-04
8.571350197901454054e-04
6.835321014538663998e-04
8.239039043201303513e-04
1.060201499833392973e-03
7.667000680347303438e-04
9.025883961522533205e-04
8.669536106029843581e-04
9.640299949689424500e-04
7.762996200005425939e-04
6.373969711923360053e-04
7.806486715083474056e-04
5.804046895562903988e-04
5.686185953954026951e-04
5.348693684426952897e-04
6.226186361004425228e-04
6.599059836389767125e-04
6.826027575822623660e-04
7.302299670561254903e-04
6.958047531490441692e-04
8.491984135177973797e-04
6.157839764285354209e-04
5.804046895562864957e-04
7.924855085068200928e-04
9.312051263325305363e-04
5.380249673162786289e-04
4.850782194014093191e-04
7.667000680347337048e-04
5.851249805936165234e-04
4.798150088331736398e-04
4.431322614387819174e-04
7.611602550915425990e-04
7.313881437823894485e-04
7.476972575760735011e-04
7.211910365339704431e-04
6.293790800566978223e-04
7.069673020958436435e-04
6.788726599465046314e-04
8.023040526640768701e-04
6.773123897615396759e-04
6.202350722765411026e-04
4.455134299055076518e-04
7.762996200005432444e-04
8.504433906025279585e-04
9.779769038473207481e-04
8.531759454156732274e-04
7.938194355718863632e-04
5.948089814770881343e-04
8.239039043201326282e-04
4.455134299055040739e-04
9.418245745533569994e-04
8.353812180311516759e-04
7.642121218270544200e-04
6.726098631669027647e-04
5.208388768225612024e-04
4.954369298001257051e-04
8.009842556647539351e-04
7.476972575760728506e-04
7.385856025927255456e-04
4.784901604448779048e-04
5.554412672289485474e-04
8.239039043201248219e-04
8.571350197901538622e-04
7.420155851417959683e-04
1.008652595937577136e-03
6.050376947069490861e-04
3.881498100002657675e-04
6.133738537698108818e-04
6.810510330074827151e-04
9.607319011590597421e-04
