7.818838183593749818e+03
7.793391162109374818e+03
6.939202734374999636e+03
2.697633911132812500e+03
1.538730700683593795e+03
1.194802770996093841e+03
1.040883868408203170e+03
9.255390136718749545e+02
8.537181823730468295e+02
7.931573486328125000e+02
7.360686218261719205e+02
6.884037597656249545e+02
6.456664123535156250e+02
6.051805114746093750e+02
5.691901672363280795e+02
5.355591613769531705e+02
5.138194305419922330e+02
4.856476013183593636e+02
4.671314575195312386e+02
4.538635681152343864e+02
4.366116607666015739e+02
4.208844512939452898e+02
4.049222656250000227e+02
3.931733917236327898e+02
3.860155914306640739e+02
3.767379577636718864e+02
3.661796417236328125e+02
3.599865020751952898e+02
3.523887603759765739e+02
3.481454345703124886e+02
3.428796356201171989e+02
3.337211761474609375e+02
3.317677703857422102e+02
3.261242736816406023e+02
3.224514953613281136e+02
3.161180633544921648e+02
3.113669860839843864e+02
3.084585266113281250e+02
3.033711578369140511e+02
3.002729675292968636e+02
3.008674774169921875e+02
2.974756500244140511e+02
2.940612243652343523e+02
2.919709442138671989e+02
2.910894866943359602e+02
2.887518371582031023e+02
2.837302398681640625e+02
2.841992462158203239e+02
2.795528900146484261e+02
2.793257171630859261e+02
2.767584350585937614e+02
2.745130432128906364e+02
2.729400512695312386e+02
2.729629486083984489e+02
2.688391510009765852e+02
2.700515472412109261e+02
2.675780395507812273e+02
2.649596649169922102e+02
2.631802978515625000e+02
2.628630294799804688e+02
2.618699111938476562e+02
2.606082717895507699e+02
2.596170822143554915e+02
2.596039398193359489e+02
2.549588821411132926e+02
2.573301559448242415e+02
2.540694946289062557e+02
2.560318130493163835e+02
2.546855895996093864e+02
2.538819061279296818e+02
2.510779220581054574e+02
2.529689956665039006e+02
2.506252517700195312e+02
2.520834808349609375e+02
2.525810455322265682e+02
2.499096832275390625e+02
2.523790115356445369e+02
2.484193099975585994e+02
2.498568695068359489e+02
2.472486770629882926e+02
2.471290802001953182e+02
2.469066680908203182e+02
2.455254211425781250e+02
2.458066864013671875e+02
2.457128677368164062e+02
2.450117385864257926e+02
2.452666336059570256e+02
2.447012100219726562e+02
2.435352493286132756e+02
2.444675796508789176e+02
2.448926177978515568e+02
2.433205932617187557e+02
2.431661163330078068e+02
2.421705703735351562e+02
2.427534194946289006e+02
2.442698913574218693e+02
2.430971115112304801e+02
2.410999496459961051e+02
2.399857055664062386e+02
2.394853836059570256e+02
2.414761611938476449e+02
2.414655578613281364e+02
2.394578933715820312e+02
2.400871475219726676e+02
2.414292358398437557e+02
2.412782241821288949e+02
2.411756011962890511e+02
2.389479736328125057e+02
2.400422195434570369e+02
2.401873733520507699e+02
2.394415802001953182e+02
2.398215103149414062e+02
2.390032989501953011e+02
2.386323379516601619e+02
2.379038070678710994e+02
2.361224349975585994e+02
2.359668365478515568e+02
2.368968887329101562e+02
2.358974105834960824e+02
2.364124160766601506e+02
2.328908203125000114e+02
2.337866607666015568e+02
2.340984405517578182e+02
2.349767349243164176e+02
2.354306365966796761e+02
2.361506011962890739e+02
2.337253356933593693e+02
2.360022720336914119e+02
2.343012359619140739e+02
2.349326034545898381e+02
2.359207916259765625e+02
2.339281936645507756e+02
2.354766433715820426e+02
2.342133926391601619e+02
2.338774597167968636e+02
2.343022354125976676e+02
2.363435501098632869e+02
2.348844375610351562e+02
2.343092895507812443e+02
2.341261352539062557e+02
2.359389633178710994e+02
2.339801986694336051e+02
2.349161270141601676e+02
2.336743286132812614e+02
2.349204376220703239e+02
2.348012557983398381e+02
2.368397659301757869e+02
2.382207565307617188e+02
2.378056793212890625e+02
2.382268280029296932e+02
2.353932083129882926e+02
2.369471221923828068e+02
2.377112579345703125e+02
2.375783828735351619e+02
2.368203933715820426e+02
2.382177764892578011e+02
2.383787979125976619e+02
2.382849472045898551e+02
2.365662811279296989e+02
2.385002227783203068e+02
2.367482467651367131e+02
2.368848297119140511e+02
2.382328018188476619e+02
2.360786865234375114e+02
2.338683898925781364e+02
2.347675231933593807e+02
2.343833480834960881e+02
2.315570831298828125e+02
2.347446594238281250e+02
2.341326873779296989e+02
2.350095123291015682e+02
2.338795089721679688e+02
2.337126327514648381e+02
2.348629440307617244e+02
2.327166641235351676e+02
2.335277053833007699e+02
2.339752609252929574e+02
2.326995025634765568e+02
2.353618286132812614e+02
2.361429351806640682e+02
2.358310989379882869e+02
2.369496368408203182e+02
2.370198196411132869e+02
2.346634887695312557e+02
2.348773391723632926e+02
2.356143005371093864e+02
2.391695068359375114e+02
2.348358642578124886e+02
2.355671554565429631e+02
2.329446548461914119e+02
2.361753448486328182e+02
2.344947555541992301e+02
2.350267135620117074e+02
2.344553100585937386e+02
2.354382949829101506e+02
2.348309829711914176e+02
2.352897338867187500e+02
2.351488113403320312e+02
2.355460464477538949e+02
2.356537963867187386e+02
2.354029052734375114e+02
2.344789413452148494e+02
2.348847717285156307e+02
2.341718032836914176e+02
2.367494491577148494e+02
2.298299865722656250e+02
2.306669586181640739e+02
2.339245269775390739e+02
2.330735794067382756e+02
2.342054626464843636e+02
2.323495712280273438e+02
2.313909011840820256e+02
2.339067214965820369e+02
2.317349868774414006e+02
2.341510269165038949e+02
2.331260452270507812e+02
2.342947799682617074e+02
2.325833648681640682e+02
2.336650070190429744e+02
2.338670959472656250e+02
2.341233108520507926e+02
2.307589233398437614e+02
2.320672012329101506e+02
2.319852706909179574e+02
2.316908264160156250e+02
2.310317901611328182e+02
2.340488693237304574e+02
2.344051193237304744e+02
2.375077331542968864e+02
2.341786422729492188e+02
2.360533020019531136e+02
2.347041519165039176e+02
2.346133636474609432e+02
2.316329345703125000e+02
2.299478225708007812e+02
2.306701263427734432e+02
2.290621917724609489e+02
2.277807449340820369e+02
2.292075668334960881e+02
2.263187789916992188e+02
2.289537796020507869e+02
2.300406570434570312e+02
2.322801132202148438e+02
2.322686584472656364e+02
2.303020431518554574e+02
2.302973419189453068e+02
2.327960922241210824e+02
2.355324127197265511e+02
2.345136444091796761e+02
2.339284317016601449e+02
2.325640106201171875e+02
2.341760910034179801e+02
2.314542556762695256e+02
2.308872177124023324e+02
2.304760284423828125e+02
2.308273910522460994e+02
2.343115997314453125e+02
2.324817916870117074e+02
2.317322647094726449e+02
2.296220321655273438e+02
2.248444854736328011e+02
2.266840515136718750e+02
2.287826828002929744e+02
2.321448684692382756e+02
2.322257583618164176e+02
2.319926635742187386e+02
2.303217712402343693e+02
2.312627838134765739e+02
2.315271270751953239e+02
2.349009704589843750e+02
2.330427383422851619e+02
2.356234603881835881e+02
2.352399078369140568e+02
2.336347564697265682e+02
2.317820022583007926e+02
2.298530334472656307e+02
2.312430328369140682e+02
2.346672836303710881e+02
2.346535736083984318e+02
2.344105117797851676e+02
2.342375366210937386e+02
2.323722290039062557e+02
2.340247421264648438e+02
2.335709060668945369e+02
2.347680603027343693e+02
2.304063323974609432e+02
2.334062667846679631e+02
2.315792861938476506e+02
2.296784301757812443e+02
2.311114349365234375e+02
2.254847381591796989e+02
2.264308151245117244e+02
2.289244720458984261e+02
2.286010116577148494e+02
2.302798400878906193e+02
