7.169300157344072888e-01
2.381629339425713532e+00
9.873166284322104502e+01
6.658901519772368260e+01
3.855399029158161994e+01
3.156036867018111991e+01
2.206098311156399916e+01
9.041016167900052025e+00
1.308609796579531626e+01
6.489106638563311158e+00
9.074476450326747212e+00
9.204956280100001109e+00
1.347804205350235840e+01
1.307614917514560027e+01
1.348598726475908727e+01
8.386418043192749749e+00
1.061352357295050908e+01
6.285004939097710519e+00
5.917689852739750123e+00
8.588626355629497056e+00
8.188606773965883434e+00
7.440518402428012656e+00
7.132008744389308319e+00
8.592231549007813385e+00
8.286953376884202527e+00
7.052978030144707589e+00
6.394278875316302901e+00
1.193719901652933046e+01
7.289401790891471222e+00
7.080686428604113125e+00
8.328836009151100228e+00
7.411046869826055428e+00
8.033752064437930329e+00
9.607666959550481778e+00
5.960055462489076916e+00
6.668386630790481995e+00
5.316989762431390432e+00
6.279044176893306961e+00
3.376075829831905128e+00
4.414116880626242967e+00
6.557487789678927648e+00
6.077841649239488220e+00
5.164595510731439632e+00
4.858959081945861236e+00
7.692709857446480726e+00
7.964710278393630105e+00
6.881714835931070695e+00
4.277956403386894202e+00
3.916900788661248800e+00
5.198657023206744832e+00
5.459815946037856804e+00
3.518842641057060128e+00
5.433005854016627723e+00
4.249647539580221789e+00
5.202023029302599966e+00
3.937110856659183700e+00
2.280024369452299027e+00
3.392680334618374260e+00
5.488488400476625451e+00
6.181790582679228763e+00
6.122811973525752904e+00
5.652605445479539803e+00
5.868047130513865284e+00
5.535432452302182504e+00
3.739986014960166472e+00
5.982868639391099919e+00
5.230459914234717012e+00
4.806051179472886403e+00
4.852552576289030917e+00
6.263735044744129787e+00
3.746617173306679316e+00
5.384483348939917313e+00
6.516436918675832857e+00
4.271551323998536986e+00
4.943288369114374525e+00
4.176829888702128457e+00
4.840561866693180448e+00
5.116841057306872109e+00
3.381650872340037584e+00
5.444109144495166142e+00
4.651729761891491677e+00
5.767272474852076947e+00
5.997721443435930944e+00
5.722944448109535287e+00
3.459773181309181656e+00
6.569054056726341351e+00
6.569968646450669247e+00
6.135920318478138569e+00
6.580312093636405457e+00
5.718522231085231944e+00
5.906532776682998254e+00
5.242410837600385065e+00
6.326229030293377242e+00
4.169999693323382495e+00
4.527622082193418329e+00
4.572417923478859336e+00
4.052399173024933354e+00
4.242709938787508683e+00
3.818045700333321246e+00
4.638474076784363298e+00
6.009859454093242626e+00
4.645645320251333033e+00
4.670122846281179463e+00
4.173278805531112745e+00
6.823629314925777400e+00
6.055506058047313900e+00
5.627141775912471999e+00
7.928800675878278525e+00
4.912518607309446672e+00
6.388440579007185427e+00
5.826963869817156194e+00
7.832033333136722675e+00
6.344663963552172881e+00
5.853774083575181031e+00
4.866124125992084437e+00
5.951561250217884513e+00
7.745219385610124796e+00
5.719550408753974580e+00
6.899252377172780726e+00
5.419924521370189652e+00
7.474553851899999657e+00
6.863821775497816802e+00
6.699005964451798967e+00
6.099433196337201935e+00
6.279907573288032729e+00
6.402359385954998316e+00
5.267970713763625135e+00
8.096919309488736616e+00
6.871732326892309395e+00
8.738988603963997903e+00
7.449485942572500186e+00
3.602309770262328126e+00
6.119964240766760710e+00
4.126081596016397235e+00
4.275762768501520483e+00
2.962663872074442040e+00
4.411365509015455544e+00
5.572227213834678672e+00
3.046597689166720357e+00
5.082454206009483499e+00
4.674649391476856763e+00
3.981712286750245244e+00
7.184226589522074491e+00
5.430665135536986377e+00
5.622927614521103123e+00
5.439263451680982797e+00
4.596598240081599229e+00
5.890902870352515919e+00
3.268271513835688591e+00
4.564834435902254128e+00
5.511042304332256947e+00
6.628344407178176745e+00
8.164001737720983698e+00
5.590830625647190466e+00
4.881958724252378978e+00
5.746482385437859719e+00
4.185586133875202286e+00
5.482310226286170263e+00
6.836953412277694930e+00
7.742350307365548190e+00
7.439833128237702375e+00
7.769238901945626274e+00
8.469888444997719645e+00
6.819120605098280663e+00
5.508954727966348663e+00
5.278528505542286808e+00
5.931706610144176217e+00
6.447386284119199118e+00
7.043234871866348001e+00
8.181449175446390498e+00
6.179303056160968310e+00
5.224983176523828377e+00
7.403790293515545073e+00
6.621258603340884008e+00
8.386819344774920637e+00
7.320339524508560736e+00
6.679786628045639496e+00
7.253574054320674591e+00
7.441166931346529623e+00
7.114216417992705210e+00
5.904458668238675934e+00
6.498372604041951384e+00
6.654912760577249564e+00
7.096101048734945849e+00
6.575557350504405818e+00
6.650752855863378166e+00
4.457465349933239729e+00
7.930419028154431338e+00
7.877305532809621980e+00
6.658122557337152081e+00
7.832780974685614517e+00
8.724457670952254773e+00
7.909917146813212341e+00
6.957724276875229208e+00
5.894572881613566295e+00
6.586631302112691877e+00
7.393394403256379199e+00
7.288114251771733443e+00
6.796025205079737397e+00
6.582839781754068476e+00
9.978472979991224179e+00
8.520929904004473698e+00
1.127889530858800171e+01
7.993265940078853049e+00
7.453134730721971302e+00
7.158770967943226537e+00
7.719811907904516879e+00
8.157636370628784661e+00
8.575729855692578951e+00
7.534495801143394011e+00
1.013732801485776491e+01
8.704576119838964843e+00
1.142176750414083841e+01
7.165623133113170340e+00
9.447538676943450398e+00
7.424222543607460700e+00
1.077874302980446153e+01
9.677921330013640855e+00
1.142076475115228007e+01
9.153943880227272345e+00
8.640247836814678450e+00
8.209574136921320431e+00
1.007838630314751782e+01
8.908638897694418191e+00
9.168770500081487640e+00
6.694167847721864462e+00
9.753873619868523193e+00
9.536600565934511664e+00
8.773998007218342110e+00
1.119919107934471292e+01
9.827418152623739189e+00
1.165972438359941243e+01
1.277531628018672549e+01
9.726834787594372145e+00
7.315231203180647235e+00
6.488800488382421960e+00
7.571931062683972868e+00
7.916173862721922916e+00
8.605790155301001221e+00
9.510463267383210351e+00
8.939032030578367483e+00
9.596358126187103821e+00
1.005622850116567868e+01
1.326644933783605040e+01
1.055724114889926923e+01
1.125045090104373102e+01
8.446045632988930407e+00
1.094380267756513803e+01
1.286732859444185095e+01
1.416647590651803945e+01
1.462292364182114035e+01
1.157425589947778732e+01
1.109085981855078806e+01
1.087067661763317084e+01
1.227265044315355702e+01
1.203575523185893204e+01
9.657082963918448115e+00
9.211599163619801800e+00
9.117005233091553862e+00
7.310365959174254691e+00
8.633188061600488794e+00
6.638978898110384996e+00
5.473375779294380905e+00
7.706200422348603141e+00
7.519673755565069229e+00
5.280733105466008048e+00
8.268543408086445723e+00
8.410488664992721297e+00
8.514854478456328479e+00
8.321834053900996508e+00
7.459834237609042518e+00
7.945822551165840686e+00
8.169502775814642348e+00
8.393101790153453479e+00
8.648779048085915022e+00
7.627446691888402519e+00
7.238120672322153837e+00
8.819196635798807193e+00
1.092260398943179212e+01
1.027734188045755559e+01
9.123483575631732734e+00
1.045650696553915360e+01
8.779289901453358524e+00
8.106120053954562366e+00
7.389556674906780032e+00
9.123251012104327984e+00
1.039907833756789479e+01
9.640451674308989638e+00
6.559585503349331326e+00
1.138499004804530657e+01
8.282357774069474488e+00
9.652184633270218583e+00
1.054213409709252858e+01
9.286691522196948156e+00
1.021351182811004499e+01
