3.086544409839174108e+00
2.775296336535537876e+02
1.699745805059864949e+02
1.101288909515846655e+02
3.314797431858483634e+01
1.005977648191882992e+02
6.344417620351359233e+01
6.080433402882161431e+01
5.119319503279599815e+01
2.663166896360320735e+01
9.243494628760467435e+01
1.246003081102479726e+01
3.455256388303483561e+01
1.084097105424395302e+01
1.853324962157090994e+01
3.281205557328405575e+01
2.777879958571352503e+01
2.555608913424983442e+01
1.441945819600259782e+01
1.740767712101333586e+01
1.299645919913777270e+01
3.200640455084803904e+01
1.673544533003819623e+01
2.442557535623565457e+01
1.080743563693525644e+01
2.099390192654936982e+01
1.147848298318072935e+01
1.398322205148746811e+01
1.045759298100281143e+01
1.188796925333535093e+01
1.920305775604529330e+01
8.781887601387341036e+00
6.606831610735271809e+00
6.299898820114522735e+00
1.898950237228116933e+01
6.985161032558797167e+00
6.377304729375356196e+00
9.963722069510350110e+00
1.003453808379719092e+01
3.677968147139850430e+01
9.009786492457827478e+00
6.859525257280982835e+00
6.150942538194139608e+00
8.330366967508002318e+00
6.629829784453199260e+00
1.591594595779065457e+01
8.816052283441507598e+00
5.705102147232492094e+00
6.533274790012989719e+00
6.403877845844183625e+00
4.617112025605800696e+00
7.238292624078765058e+00
1.063913643225596140e+01
9.947509923981980862e+00
1.733252318336498021e+01
6.359389046623763697e+00
6.573916285263862846e+00
2.051784241726621261e+01
9.004738380013620258e+00
7.434609936429195542e+00
4.964520704653029526e+00
1.669744894590932560e+01
4.253553358273091334e+00
2.176491242157301187e+01
8.913465949072545413e+00
4.990578813904955169e+00
7.855246917121469608e+00
1.075086355857052389e+01
7.087011791316689902e+00
3.915854275826704090e+00
9.689054193890699551e+00
8.571031823285300888e+00
5.279626830065320853e+00
4.130454450047580828e+00
7.010221089361811764e+00
7.909705108031656273e+00
6.243433764325609481e+00
8.176814930082606736e+00
3.369375642092882206e+00
1.591844974882263841e+00
5.828807015600700581e+00
7.715098426877955440e+00
6.355245531367438083e+00
8.279637869027634878e+00
8.172607187296042852e+00
5.043353813106605799e+00
4.911580946247489088e+00
8.470118051629588862e+00
5.600268310572321440e+00
5.698886432554065351e+00
1.590413723691846570e+01
7.213495079835392509e+00
7.534680760187308479e+00
6.200807885943778075e+00
1.396377303197775888e+01
5.932865657846611462e+00
5.886722954591815160e+00
2.869019498112391098e+00
5.520344503139144265e+00
5.130292814820643699e+00
6.239730741406742887e+00
4.335942652194510138e+00
4.499882125670406019e+00
4.408442580179451120e+00
4.978443622905808219e+00
4.532809678430091971e+00
6.900797728632292127e+00
4.327024183116450651e+00
5.715900622009296939e+00
7.077525041122173732e+00
5.440521301547702748e+00
2.252942129627326651e+01
8.469687674262797117e+00
4.832204702228934501e+00
6.054762840823026515e+00
3.948511798046541621e+00
4.820121608733300533e+00
4.138654585882541426e+00
8.247889782885298615e+00
7.073560952962379744e+00
4.213305031161886482e+00
4.302855730487154418e+00
2.089208459082245994e+01
4.172632424195835021e+00
3.351792647064551378e+00
2.320433415428117652e+00
6.185431368641153504e+00
4.862962148460316492e+00
7.343996252132265923e+00
5.305883599693228092e+00
1.105305202718531454e+01
6.151121787425958942e+00
6.314222274145217639e+00
6.291499805305700299e+00
8.037617538835682751e+00
5.179987860862360627e+00
5.847172269122745902e+00
3.943138703321344973e+00
5.493934328488546015e+00
2.327320543677716014e+00
3.505346599979285660e+00
4.081031283920578012e+00
4.593209559322229296e+00
8.300018943736665378e+00
5.800051928558433545e+00
6.278445080709149195e+00
5.469430320155336034e+00
4.951455377493096499e+00
5.395888428567959139e+00
8.376585819530022903e+00
3.839743081078822229e+00
5.371257238892023445e+00
5.316555133184663440e+00
1.813764402844248025e+01
6.573411623896171285e+00
4.725319953662996397e+00
1.426529802662966695e+01
9.840514338666739746e+00
1.004490628629344862e+01
6.913346135279645921e+00
3.509908984409620736e+00
6.699036953522434779e+00
5.854934349761232504e+00
6.758951419173801156e+00
2.050919883615194195e+01
1.137794876580377768e+01
7.795523554740863226e+00
5.907205624164304503e+00
4.900363583927504152e+00
6.548636150984474824e+00
6.941842335929345964e+00
7.355956264909342401e+00
5.900840540754497709e+00
6.611202935557907168e+00
4.545564993977824209e+00
4.754292773101926883e+00
4.808570535034917270e+00
4.740586293564998499e+00
6.003556583625528908e+00
6.490679046048625445e+00
5.173523177701842890e+00
3.894010530586621943e+00
4.942810279600581502e+00
7.977052820590499138e+00
3.377261051164931693e+00
6.275173126115616284e+00
4.873241713541882625e+00
5.650220908893247795e+00
5.375111233739715111e+00
5.740374856168759976e+00
7.832069147894824113e+00
4.291673557889910740e+01
1.120366098959867607e+01
2.071660433193945039e+01
1.045402298334534663e+01
4.810350410352412176e+00
7.257563496664801939e+00
5.826639110158269297e+00
8.338367094530363843e+00
5.557133573060555776e+00
4.658415409695382259e+00
6.169172830417742226e+00
2.098842970640538752e+01
4.885574263460284783e+00
6.414307138190299185e+00
5.545447976241487886e+00
6.917163305109712113e+00
6.663731362998896124e+00
5.753273052994289927e+00
4.135239672281334045e+00
5.435400674631751805e+00
4.231824867307164340e+00
4.573263868290291967e+00
3.599533873948690399e+00
6.189261400445403183e+00
4.687575300545662849e+00
5.344610053564383456e+00
5.700398377534343197e+00
4.759316142756608414e+00
5.451411323414010468e+00
3.868476704875718042e+00
4.711840521515259006e+00
5.285927122570970305e+00
6.511616390066786053e+00
6.545266102554159637e+00
5.483112779227684364e+00
6.052520323678717951e+00
5.958357954518625377e+00
5.213570933079513026e+00
5.062403861445759823e+00
6.881420113546065309e+00
6.600908276811324527e+00
7.092352728950199747e+00
6.035605807527922195e+00
7.333413888703222305e+00
5.799858251338322113e+00
5.499195563199188008e+00
5.480473563691939276e+00
6.893104222966695005e+00
7.439612069187766963e+00
5.743496844635112453e+00
5.491859762458115135e+00
4.752390679059605993e+00
6.706956492171508799e+00
8.158337087695331391e+00
9.305856192887164369e+00
9.985791234347221490e+00
8.210341044038614200e+00
8.940985529060478498e+00
1.941463480627207261e+01
1.172379351158666339e+01
7.838664949790877579e+00
1.317467760407490296e+01
9.955024273127797585e+00
8.912709958950426170e+00
7.029303971962978181e+00
7.127763586336717694e+00
5.553257294740268080e+00
7.641950111613250662e+00
8.964056077776444198e+00
8.269620062457466503e+00
6.624444006904678162e+00
6.818964397573588521e+00
8.160001090932365031e+00
6.689525727160149593e+00
1.003261815628609632e+01
6.609622179423161548e+00
1.858740488141994973e+01
7.914970891857357138e+00
5.087711943137753323e+00
5.227976280276376286e+00
7.167737931689004860e+00
2.176246876881572234e+01
1.052892053946640516e+01
5.690011078598574912e+00
2.152781098600464205e+01
7.504514322383387004e+00
6.529699212171154343e+00
6.499018692191847357e+00
6.871578285788482177e+00
4.136727225467871527e+00
4.677746535447915299e+00
2.807775257476518149e+01
1.420684360315166117e+01
6.927090673257978004e+00
7.465754033948377000e+00
4.677335067039019023e+00
2.951813359652267987e+00
7.665398055917679976e+00
6.860369998612695142e+00
5.377224539133590220e+00
4.834776384429437357e+00
5.233203423476355809e+00
6.614168620260790554e+00
6.099759692741772099e+00
