7.791294189453125000e+03
5.252649414062500000e+03
2.495337500000000091e+03
1.302886096191406295e+03
1.024235162353515534e+03
9.632012634277343750e+02
8.327929138183593523e+02
7.635544738769531250e+02
7.064986877441406250e+02
6.416371643066406705e+02
6.289611083984375455e+02
5.670370300292968295e+02
5.576534606933594205e+02
5.133107086181640852e+02
5.007485504150390625e+02
4.869909790039062614e+02
4.684930847167968864e+02
4.573693328857422102e+02
4.380363311767578125e+02
4.281717987060546875e+02
4.159328399658203352e+02
4.187087524414062614e+02
4.019351989746093636e+02
3.962831542968750114e+02
3.875713073730468636e+02
3.780628936767578239e+02
3.726516967773437727e+02
3.685630554199218523e+02
3.589101318359374773e+02
3.578074890136718977e+02
3.626129089355468977e+02
3.435252319335937727e+02
3.383979095458984148e+02
3.354334197998047102e+02
3.377603637695312386e+02
3.265669860839843750e+02
3.254983825683593750e+02
3.259949066162109261e+02
3.196372985839843750e+02
3.276444458007812273e+02
3.158044036865234148e+02
3.139480712890625114e+02
3.104515350341796989e+02
3.053458404541015625e+02
3.032011474609374773e+02
3.080396057128906477e+02
2.990947448730468636e+02
2.965173065185546761e+02
2.994923217773437614e+02
2.940716583251953011e+02
2.936062499999999886e+02
2.902390899658203125e+02
2.962928497314453011e+02
2.931172363281249886e+02
2.944919464111328011e+02
2.895599700927734261e+02
2.830083435058593864e+02
2.930845275878906477e+02
2.849383880615234261e+02
2.824617401123047102e+02
2.803219543457031477e+02
2.855035461425781023e+02
2.786859710693359489e+02
2.847704956054687386e+02
2.784002929687500227e+02
2.760649353027343977e+02
2.767436767578125227e+02
2.770499725341796875e+02
2.763906402587890625e+02
2.707265472412109375e+02
2.727731750488281364e+02
2.733092956542968750e+02
2.712055694580078011e+02
2.665772247314453125e+02
2.691784271240234148e+02
2.695806213378906477e+02
2.666239654541015511e+02
2.665601348876953125e+02
2.624966796874999773e+02
2.608636138916015739e+02
2.596088531494140739e+02
2.619736465454101335e+02
2.592621505737304801e+02
2.611945602416992074e+02
2.600924453735351562e+02
2.599476715087890852e+02
2.581069915771484489e+02
2.577738510131836165e+02
2.583924179077148438e+02
2.545191268920898438e+02
2.620920928955077898e+02
2.541580825805664006e+02
2.552461288452148551e+02
2.550758590698242188e+02
2.590013641357421648e+02
2.554642745971679574e+02
2.535007034301757756e+02
2.544087112426757926e+02
2.545041595458984318e+02
2.521652862548828011e+02
2.510525817871093750e+02
2.512039367675781136e+02
2.492983734130859261e+02
2.528899200439453239e+02
2.505387680053710824e+02
2.512666503906249886e+02
2.520499557495117244e+02
2.490811431884765739e+02
2.498227111816406136e+02
2.497239715576171761e+02
2.480601959228515625e+02
2.566452285766601449e+02
2.486757110595703182e+02
2.474733322143554801e+02
2.462977310180664006e+02
2.470917098999023551e+02
2.466881469726562557e+02
2.478697113037109432e+02
2.479171157836914006e+02
2.469790847778320426e+02
2.464196304321289119e+02
2.439253967285156364e+02
2.540987991333007869e+02
2.439197402954101506e+02
2.431062698364257812e+02
2.437796218872070426e+02
2.453006469726562386e+02
2.449089584350585938e+02
2.437522048950195312e+02
2.433539489746093807e+02
2.448046051025390568e+02
2.423618499755859261e+02
2.419056472778320312e+02
2.409253005981445312e+02
2.421683486938476619e+02
2.427910247802734318e+02
2.412785949707031250e+02
2.423647857666015568e+02
2.440595977783203239e+02
2.435286666870117074e+02
2.419852462768554631e+02
2.411419464111328068e+02
2.434878280639648551e+02
2.440725234985351619e+02
2.425355194091796989e+02
2.417401885986328125e+02
2.418574630737304574e+02
2.387040863037109375e+02
2.413527587890625057e+02
2.408529586791992188e+02
2.402371795654296989e+02
2.422301254272460938e+02
2.434382080078125057e+02
2.457716766357421818e+02
2.413471481323242074e+02
2.400001892089843807e+02
2.456587692260742131e+02
2.433203460693359261e+02
2.425867401123046818e+02
2.416144546508789119e+02
2.414645507812500114e+02
2.401872222900390739e+02
2.376335632324218636e+02
2.382335494995117244e+02
2.453037643432617188e+02
2.407778778076171875e+02
2.395784271240234489e+02
2.387867080688476449e+02
2.355745071411132869e+02
2.342850234985351676e+02
2.346476394653320199e+02
2.356197067260742131e+02
2.343562316894531250e+02
2.349737136840820426e+02
2.348233306884765739e+02
2.361059768676757926e+02
2.331770538330078182e+02
2.332454650878906364e+02
2.344799163818359489e+02
2.350566085815429744e+02
2.341497741699218693e+02
2.323124969482421989e+02
2.326914825439453125e+02
2.349942367553711051e+02
2.313948730468750057e+02
2.328218536376953125e+02
2.311480133056640511e+02
2.324917282104492244e+02
2.319720245361328068e+02
2.320797332763671932e+02
2.337144851684570312e+02
2.441092514038085994e+02
2.339307708740234375e+02
2.400348358154296875e+02
2.337191116333007699e+02
2.326734725952148324e+02
2.327872528076171932e+02
2.316431091308593864e+02
2.328642364501953068e+02
2.318877166748046932e+02
2.316894180297851449e+02
2.328464477539062614e+02
2.386575012207031250e+02
2.329485092163085938e+02
2.330330795288085994e+02
2.361639724731445256e+02
2.320563613891601449e+02
2.359249893188476506e+02
2.314325119018554631e+02
2.319731613159179631e+02
2.339151275634765739e+02
2.329327056884765739e+02
2.322617980957031136e+02
2.310068954467773494e+02
2.317238586425781364e+02
2.312155151367187500e+02
2.325442581176757812e+02
2.308136322021484261e+02
2.303897613525390682e+02
2.297852188110351506e+02
2.303280136108398324e+02
2.282584381103515625e+02
2.309625946044921818e+02
2.310613220214843864e+02
2.304007568359375000e+02
2.309687896728515568e+02
2.304211563110351619e+02
2.309680435180663949e+02
2.320117156982421989e+02
2.315544525146484318e+02
2.321644622802734261e+02
2.295511886596679574e+02
2.301321716308593750e+02
2.312272750854492074e+02
2.317739303588867301e+02
2.309648269653320369e+02
2.316527542114257869e+02
2.337138275146484432e+02
2.326735351562500114e+02
2.317481567382812386e+02
2.327857299804687443e+02
2.307972534179687614e+02
2.318769683837890625e+02
2.302696594238281307e+02
2.292596237182617074e+02
2.305870315551757699e+02
2.295504241943359318e+02
2.298432312011718750e+02
2.311570358276367188e+02
2.380619110107421932e+02
2.346815567016601562e+02
2.333808685302734318e+02
2.374289932250976562e+02
2.348238983154296875e+02
2.341210449218750114e+02
2.310904357910156364e+02
2.320479309082031136e+02
2.308687011718749886e+02
2.322149032592773494e+02
2.308092559814453182e+02
2.317393554687500057e+02
2.331199676513671761e+02
2.315028747558593807e+02
2.330340225219726449e+02
2.316084335327148551e+02
2.324828781127929744e+02
2.332830566406250057e+02
2.379515640258788949e+02
2.322294357299804801e+02
2.293234878540039006e+02
2.312062744140625057e+02
2.319086975097656307e+02
2.368486938476562500e+02
2.334890472412109261e+02
2.322022705078125000e+02
2.396614501953125114e+02
2.323445434570312500e+02
2.323172714233398324e+02
2.315689758300781307e+02
2.333537902832031250e+02
2.318964843750000000e+02
2.333004989624023438e+02
2.420025817871093636e+02
2.370822174072265511e+02
2.373081329345703239e+02
2.336254455566406136e+02
2.338877914428711051e+02
2.316937927246093807e+02
2.330110397338867188e+02
2.297337265014648438e+02
2.336069152832031364e+02
2.309570755004882869e+02
2.313472335815429801e+02
2.294047973632812614e+02
2.320830322265624943e+02
