7.819463525390625364e+03
7.808907470703125000e+03
7.662018310546875000e+03
4.690935449218750364e+03
2.062687707519531159e+03
1.378239282226562409e+03
1.039683117675781205e+03
9.883221191406249773e+02
8.819012878417968295e+02
6.983815002441406250e+02
6.247966857910156477e+02
5.838286743164062500e+02
5.439956420898437273e+02
4.962305694580078352e+02
4.695599182128906364e+02
4.435528320312499773e+02
4.239843719482421989e+02
4.107429992675781136e+02
3.935400390625000000e+02
3.780736297607421648e+02
3.672014770507812500e+02
3.576327606201172102e+02
3.490029296875000000e+02
3.414275695800781136e+02
3.349154907226562727e+02
3.295938323974609148e+02
3.240731384277343636e+02
3.199465789794921875e+02
3.158987274169921875e+02
3.101160522460937727e+02
3.078244049072265511e+02
3.056581420898437500e+02
3.032903381347656477e+02
3.001877044677734148e+02
2.969074157714843523e+02
2.927471649169921761e+02
2.928717559814452898e+02
2.928962219238281364e+02
2.892221954345703239e+02
2.901253967285156250e+02
2.862036254882812614e+02
2.856165832519531023e+02
2.850465332031250227e+02
2.837591552734375000e+02
2.826359344482422102e+02
2.794564086914062386e+02
2.782539978027343750e+02
2.799365753173827898e+02
2.794025909423828011e+02
2.782506225585937614e+02
2.795732391357421989e+02
2.775114807128906023e+02
2.742518280029296989e+02
2.709733276367187500e+02
2.711708343505859489e+02
2.690512298583984148e+02
2.708219879150390739e+02
2.684064147949218864e+02
2.698697601318359602e+02
2.664672393798828125e+02
2.644755294799804801e+02
2.646234954833984148e+02
2.644025085449218864e+02
2.628031753540038835e+02
2.640220214843749886e+02
2.633277221679687727e+02
2.621653533935547102e+02
2.615241394042968750e+02
2.612579528808593636e+02
2.617850402832031023e+02
2.614578765869140398e+02
2.602258789062499886e+02
2.600541259765624886e+02
2.610469177246093864e+02
2.608102966308593977e+02
2.601428405761718636e+02
2.598558792114257585e+02
2.588234085083007585e+02
2.605635772705078352e+02
2.593253173828125000e+02
2.587808746337890398e+02
2.568727767944336051e+02
2.558047134399413949e+02
2.577265029907226790e+02
2.568610717773437386e+02
2.569394851684570540e+02
2.555441787719726676e+02
2.540863861083984432e+02
2.566764923095703352e+02
2.555364242553710881e+02
2.565277542114257585e+02
2.567824234008788835e+02
2.548990570068359318e+02
2.522900802612304574e+02
2.550792602539062557e+02
2.530488647460937557e+02
2.549972152709960938e+02
2.536613494873046761e+02
2.535084335327148324e+02
2.549512893676757699e+02
2.566914093017578011e+02
2.562986221313476562e+02
2.548698791503906307e+02
2.521042984008789176e+02
2.558285766601562443e+02
2.535411239624023381e+02
2.508493331909179744e+02
2.516459136962890568e+02
2.515053054809570199e+02
2.536224990844726506e+02
2.518524688720703182e+02
2.499691894531250114e+02
2.508898056030273551e+02
2.521810333251953011e+02
2.501147613525390625e+02
2.501811294555664062e+02
2.501590332031250057e+02
2.496271667480468750e+02
2.494829010009765682e+02
2.495821701049804631e+02
2.488486145019531364e+02
2.497908706665039062e+02
2.491526672363281136e+02
2.467273483276367188e+02
2.475936828613281193e+02
2.479734405517578182e+02
2.484209762573242131e+02
2.473596511840820256e+02
2.491618743896484318e+02
2.492536666870117301e+02
2.483380691528320199e+02
2.473676803588867301e+02
2.460735916137695369e+02
2.479615081787109432e+02
2.511364578247070369e+02
2.488245727539062386e+02
2.505608810424804744e+02
2.477537673950195369e+02
2.467267669677734432e+02
2.484646560668945199e+02
2.474355087280273438e+02
2.508475906372070199e+02
2.469197967529296989e+02
2.458062301635742131e+02
2.433575286865234375e+02
2.444247390747070199e+02
2.427812744140624943e+02
2.468818756103515568e+02
2.449839385986328182e+02
2.431921081542968750e+02
2.453732376098632812e+02
2.444853530883789006e+02
2.450538772583007869e+02
2.446136260986328068e+02
2.462233856201171989e+02
2.469548522949218636e+02
2.485852447509765568e+02
2.480205169677734318e+02
2.465186035156249886e+02
2.470067062377929688e+02
2.434293731689453182e+02
2.451486419677734432e+02
2.454639541625976449e+02
2.422584991455078125e+02
2.425977279663085824e+02
2.452685119628906136e+02
2.449629104614257926e+02
2.443183914184570256e+02
2.464201568603515682e+02
2.451423645019531250e+02
2.428868591308593636e+02
2.419908752441406250e+02
2.447742187499999886e+02
2.446287063598632869e+02
2.427666732788085824e+02
2.445242095947265568e+02
2.425104339599609489e+02
2.427373245239257926e+02
2.451923171997070199e+02
2.449363174438476562e+02
2.435190567016601619e+02
2.425035842895507869e+02
2.413315734863281250e+02
2.443950973510742131e+02
2.427928756713867244e+02
2.429483108520507812e+02
2.448829132080078068e+02
2.484384338378906136e+02
2.478963027954101506e+02
2.444141342163085824e+02
2.456230499267578011e+02
2.456937210083007699e+02
2.468008972167968693e+02
2.477209640502929631e+02
2.478974563598632699e+02
2.441954498291015625e+02
2.440507827758789006e+02
2.459817398071289176e+02
2.446830429077148494e+02
2.433093597412109261e+02
2.452491592407226619e+02
2.429907257080078011e+02
2.439752319335937614e+02
2.447632019042968636e+02
2.447112075805663949e+02
2.423990005493164119e+02
2.411259536743164062e+02
2.416587768554687443e+02
2.395421691894531193e+02
2.427705856323242131e+02
2.401052536010742244e+02
2.404310791015624886e+02
2.416253097534179801e+02
2.398347061157226676e+02
2.391516632080078182e+02
2.443545196533203239e+02
2.429486328124999943e+02
2.416941513061523494e+02
2.419380767822265739e+02
2.422347946166992188e+02
2.423586700439453239e+02
2.421588104248046989e+02
2.399919250488281364e+02
2.406756423950195369e+02
2.410379760742187614e+02
2.385808837890625114e+02
2.377587661743164062e+02
2.388697906494140568e+02
2.414069320678710824e+02
2.411680099487304574e+02
2.403959564208984432e+02
2.409341613769531136e+02
2.413226531982421932e+02
2.406883209228515739e+02
2.403009811401367131e+02
2.404886138916015739e+02
2.394345672607421989e+02
2.385180786132812614e+02
2.396699325561523324e+02
2.411458694458007699e+02
2.387151687622070426e+02
2.393096771240234375e+02
2.412429565429687557e+02
2.404081237792968864e+02
2.374620361328125000e+02
2.387946731567382699e+02
2.371436492919921761e+02
2.383491134643554688e+02
2.390462020874023494e+02
2.384833419799804801e+02
2.371340438842773324e+02
2.369176895141601449e+02
2.418306518554687443e+02
2.395180374145507756e+02
2.396966522216796989e+02
2.407781143188476562e+02
2.388993499755859489e+02
2.436977844238281250e+02
2.421437088012695256e+02
2.431736770629882756e+02
2.415923553466796818e+02
2.417697677612304688e+02
2.435313995361328239e+02
2.428905334472656250e+02
2.446210525512695426e+02
2.432600967407226449e+02
2.423563003540039062e+02
2.376476943969726676e+02
2.407071533203125000e+02
2.405111419677734261e+02
2.422407333374023324e+02
2.427817672729492244e+02
2.419205108642578068e+02
2.390629364013671818e+02
2.413811477661132869e+02
2.410574188232421875e+02
2.419975006103515511e+02
2.442928298950195369e+02
2.435307189941406136e+02
2.461422851562500114e+02
2.484747070312500057e+02
2.478226333618164006e+02
2.445907852172851449e+02
2.440311065673828068e+02
2.489138244628906307e+02
2.488586517333984318e+02
2.460798156738281364e+02
2.456762863159179631e+02
2.464435897827148381e+02
2.469644897460937614e+02
2.481585113525390511e+02
2.447373474121093864e+02
2.469777465820312443e+02
2.485396606445312386e+02
2.461430023193359489e+02
