7.587720023143474934e-01
1.145377747679473091e+00
1.534261562598165263e+01
1.742795703189067069e+02
8.616047420821016090e+01
6.327567789482070992e+01
4.242481680035233893e+01
2.706653161579618327e+01
2.094956365966905310e+01
1.301826689353188193e+01
1.173539069225304488e+01
1.537563969465699110e+01
1.465788823074025338e+01
8.492177154525172966e+00
8.612489457047852071e+00
1.064895633317062185e+01
8.320854778297590570e+00
8.515099541144214967e+00
7.354794828861302314e+00
6.951053082648725123e+00
8.260061771670072162e+00
7.462613106804368179e+00
8.801034349047922589e+00
6.685450428203785656e+00
5.941670069925456765e+00
5.533922770477818887e+00
5.095116497807016032e+00
4.657090703967769585e+00
4.423267392485144001e+00
3.873232090782819714e+00
3.908554255933207155e+00
3.842676149079517156e+00
3.696771412442716453e+00
4.613441348407793186e+00
5.314584192228562820e+00
5.100952740820595466e+00
4.767825933429909568e+00
4.488930250249448584e+00
3.780536059578595953e+00
3.277280523937234236e+00
4.043765049301861758e+00
3.898563057319536007e+00
4.731825804824519643e+00
4.712070242116780605e+00
4.432414394492578680e+00
4.000847399234958246e+00
5.180881643966476879e+00
3.718841685340172898e+00
5.926476976722234724e+00
3.221803678102173496e+00
5.276753430108425569e+00
7.527660343824987166e+00
5.929126724206644106e+00
6.247919761083731593e+00
6.432986233215367555e+00
4.492388061794891918e+00
6.011745271869781249e+00
5.425566775705139122e+00
7.150786360067236558e+00
5.112991328381246703e+00
6.209999314719321539e+00
6.021694495034059180e+00
3.471076811775540616e+00
4.740264078101668055e+00
3.163171941153894995e+00
3.644209371516963447e+00
4.868072608942922486e+00
3.446440387618284529e+00
4.433133901560982082e+00
3.743029917401508033e+00
3.521225537221367663e+00
4.921128872943485888e+00
5.323066686443929996e+00
5.390002508415656202e+00
6.586579999756345671e+00
7.166821906342536685e+00
5.163770762481369125e+00
7.844379701578642283e+00
7.465419112706926263e+00
6.566547090077622606e+00
6.872120823230700282e+00
6.071591439873611940e+00
5.940741054835267931e+00
5.319075938930756031e+00
3.872506876226068595e+00
5.639092936568310677e+00
6.298473723333191998e+00
3.822620014159603397e+00
6.726649192760640439e+00
4.485225664632698894e+00
5.724801288565017465e+00
6.082258866107602024e+00
6.037481815640580507e+00
6.644705185962929583e+00
9.898017003807861869e+00
9.383673025162709180e+00
1.061832894449724662e+01
7.414252592944495568e+00
7.270962389585018393e+00
5.467969257647983916e+00
7.130438432980246155e+00
7.392022249823313906e+00
5.612935046779244708e+00
6.643539375454944995e+00
7.539288590638351550e+00
4.479877292845332093e+00
8.543157855395731914e+00
8.111214026573021485e+00
6.959920602228531372e+00
8.189910231475190372e+00
7.398050894154676982e+00
4.972993153990643123e+00
6.427890276369513600e+00
5.965194683275914400e+00
5.869253247187334210e+00
4.992381055630808362e+00
8.051962778081087180e+00
8.718429544220121841e+00
6.285594987804398848e+00
6.973534377609747814e+00
8.210779473374168802e+00
7.523947742613334100e+00
6.774879273139231550e+00
7.062849505895155033e+00
7.330101027629535082e+00
8.722208760866118737e+00
8.364150650939233600e+00
8.526830758734279314e+00
9.035644453137347654e+00
7.715902304657443089e+00
9.481613283420971428e+00
7.514850683716238322e+00
8.423511491272497764e+00
9.319195918486173014e+00
7.389124332321255650e+00
6.824174317427216252e+00
7.660036046468386317e+00
5.478779390046952358e+00
8.555008750255684191e+00
8.613507292748542099e+00
1.072463762245010344e+01
1.272695448198342660e+01
7.164365254803748861e+00
9.660540201768698765e+00
8.859097266755728839e+00
8.497657988555163300e+00
6.949512444803769284e+00
7.496755270170320173e+00
7.558399168182460492e+00
8.617338792309515938e+00
9.897829575750224151e+00
8.476441554721931837e+00
8.280947923685214818e+00
6.973910770211407595e+00
6.823767181170797613e+00
8.989322227467393844e+00
8.890642926330775353e+00
7.415273834378712792e+00
8.365260865730434148e+00
9.927344864589557005e+00
8.906047331764336050e+00
6.572132055515242932e+00
4.123197981079705698e+00
7.834165747914522804e+00
5.499239647425174127e+00
7.609658863808175688e+00
6.515580777441758897e+00
5.940596687731164671e+00
5.447744172772147841e+00
6.836102157922367084e+00
8.352961084754516818e+00
7.822631107172719034e+00
6.261917585219220150e+00
1.083330378947047734e+01
9.634654296345601665e+00
6.516457552954292076e+00
7.863794362529643145e+00
5.317858062248885354e+00
8.592504522819400137e+00
7.168766423818413891e+00
5.699531493357024026e+00
7.055481829541927041e+00
6.398333447849558375e+00
7.244988367473919055e+00
5.475168531578997744e+00
6.442066371225365629e+00
6.778207680718325356e+00
8.785788303053911008e+00
8.814649015944759469e+00
9.727328935488710471e+00
1.033479006316969162e+01
9.022922065128401670e+00
1.166304264667884816e+01
1.098707300384363705e+01
1.116730524997465679e+01
6.493369452464895275e+00
8.379501955013990866e+00
8.006184279098860657e+00
6.241892873309614842e+00
7.488854835970425228e+00
1.200832131216845866e+01
9.177745003854941075e+00
6.835515300811577433e+00
1.017970405923137989e+01
8.397272929095477068e+00
9.023182482502308588e+00
1.068975103430387996e+01
9.497614110213008942e+00
9.451922498619707014e+00
9.238079999782781826e+00
1.001957322948068452e+01
9.142444838331774903e+00
1.018770979164496815e+01
7.420008889319845480e+00
6.584635930878914856e+00
9.373071281513508879e+00
1.158045201218777187e+01
8.668918299666339422e+00
7.315738733535519955e+00
1.026038881617485465e+01
8.562089503059214124e+00
1.103046382459172925e+01
9.114668865645571216e+00
8.003077655758682241e+00
7.724597617916246328e+00
8.587325777277637684e+00
7.167144774900901183e+00
9.675205711892949978e+00
7.512484999718866518e+00
7.621363613646789936e+00
9.466114618074362497e+00
1.025553861783894938e+01
1.149020842197198533e+01
8.623173633563418150e+00
1.020460936533928731e+01
1.026181180554250005e+01
1.004023850202911561e+01
1.212143052856754011e+01
9.745418600360565620e+00
1.123033827147784258e+01
9.364013559990267410e+00
9.151331126803318838e+00
1.232595543615867228e+01
1.075800169844661447e+01
1.031431269024808195e+01
9.365469049769428622e+00
8.984511443918176354e+00
8.720411633581736766e+00
1.042565427733216055e+01
1.175307085813221164e+01
9.730062342396209374e+00
9.170478951897138131e+00
9.007835540027588905e+00
1.246662259751085422e+01
9.254272520176987982e+00
9.404113716360766873e+00
1.084326295847242960e+01
1.026679865271364811e+01
9.821074506493442158e+00
1.098194879268262980e+01
1.042115768548192811e+01
1.154178277586750667e+01
1.213270442311747033e+01
1.275058495387349744e+01
1.488681216806828722e+01
1.482046790825766891e+01
1.643954769083621059e+01
1.216958142899724926e+01
1.022306954109512311e+01
1.049229198211881808e+01
1.128987862217512728e+01
1.126332602245373060e+01
1.073242172923101023e+01
1.184099064295889114e+01
7.877953949189204330e+00
1.008320703113617256e+01
9.806772782958155688e+00
1.247257701497265181e+01
1.201892411238857683e+01
1.162996360132048856e+01
1.222925330324736493e+01
1.119276763674798580e+01
1.522855534127752719e+01
1.306816720701187862e+01
1.238575911463269819e+01
1.095711275259133188e+01
1.271976234950817464e+01
1.451494367152267806e+01
1.260072652056528852e+01
1.283158979050943493e+01
1.653472944131087630e+01
1.825660460755684866e+01
1.785634001193632159e+01
1.807964021127502718e+01
1.718758225200056344e+01
